1000 5036
51 338
888 624
601 977
593 389
420 933
75 959
574 713
578 811
79 991
290 84
173 358
908 292
851 718
738 56
625 218
491 658
990 978
412 515
264 578
741 318
613 585
482 221
656 223
374 772
569 56
364 716
493 571
848 1
132 218
425 336
101 405
100 739
981 358
664 302
254 77
2 295
457 623
774 530
354 201
537 381
859 556
48 259
65 775
214 719
202 837
622 365
913 927
660 477
471 259
184 376
330 251
758 235
298 256
227 442
9 883
410 179
68 733
861 118
52 823
346 366
533 373
717 465
95 804
262 422
996 49
615 903
445 448
33 805
415 760
366 675
786 792
664 363
63 985
336 914
815 913
923 608
173 1
928 763
618 926
413 562
468 150
159 393
767 740
219 434
116 1000
129 942
649 74
696 289
339 931
503 289
909 542
35 871
308 196
608 450
553 347
558 657
554 214
558 511
773 560
872 471
981 731
449 314
478 322
17 606
234 748
146 945
364 120
273 386
40 403
594 998
912 263
478 581
953 120
906 928
194 110
158 24
503 946
996 509
983 826
974 805
622 540
740 37
668 266
501 503
580 551
504 431
527 449
379 336
269 465
345 416
878 431
101 549
892 155
38 22
174 227
668 935
577 395
831 128
320 866
800 572
784 304
344 477
452 70
988 459
613 985
881 202
826 256
356 708
295 877
5 173
498 666
375 181
838 823
622 283
287 788
164 770
715 658
129 158
461 356
438 137
646 371
501 186
975 308
216 6
746 72
182 336
493 400
302 984
58 159
331 471
556 703
577 582
464 751
21 881
189 195
400 101
87 747
51 257
513 510
289 500
838 196
849 582
832 692
320 302
671 590
618 326
268 518
822 942
734 234
420 406
629 769
832 126
78 937
619 166
318 336
68 714
697 30
101 32
644 499
552 915
420 485
955 722
183 833
522 915
885 925
616 415
603 957
176 833
639 854
469 335
86 487
343 26
933 22
975 600
275 298
266 626
478 76
828 37
615 147
669 572
981 975
543 968
433 873
790 254
783 652
659 400
116 209
519 305
327 77
459 406
4 112
526 883
614 249
320 880
890 267
653 605
908 811
122 298
251 808
801 861
362 822
843 620
464 469
900 74
115 146
86 51
651 222
100 936
619 584
103 6
103 920
197 77
491 477
309 382
536 227
458 238
21 426
960 959
741 347
27 95
304 760
729 169
840 431
396 898
93 466
754 556
185 356
224 84
61 777
868 239
27 409
865 88
410 425
726 718
585 125
361 811
808 626
592 606
644 853
390 606
703 319
994 140
429 833
893 338
454 646
453 977
148 671
556 313
266 965
703 570
813 731
979 143
540 854
943 509
467 428
332 17
747 430
503 993
162 591
181 268
254 882
258 474
421 574
558 540
6 169
653 31
320 218
799 297
982 716
488 331
514 606
283 288
241 53
351 56
95 298
916 778
603 553
895 703
235 102
622 534
553 698
987 788
535 421
577 407
261 134
634 96
856 816
670 567
943 671
351 466
696 206
933 660
707 345
454 279
662 808
183 314
332 29
316 762
479 277
597 146
138 489
449 287
801 98
795 41
597 807
329 436
497 992
832 282
595 795
136 276
636 34
585 587
911 423
396 363
252 992
660 229
76 791
720 440
257 350
350 856
114 961
613 131
597 441
815 502
541 903
412 300
47 407
34 144
501 915
468 365
366 568
60 936
738 599
758 169
596 188
941 541
899 218
176 84
689 166
322 773
307 52
454 752
201 940
950 792
955 641
761 561
657 373
281 882
272 333
854 369
380 835
182 851
900 485
628 64
677 303
230 72
350 944
315 744
562 840
979 10
451 878
872 654
913 648
437 859
665 901
297 296
65 209
562 177
571 531
410 895
784 822
859 833
659 428
969 177
453 317
493 841
519 232
964 735
152 927
908 523
870 566
709 356
212 204
68 201
748 398
344 391
216 910
862 386
972 313
811 611
668 1000
79 924
147 112
861 784
784 980
929 618
325 890
750 73
491 441
207 167
258 423
667 474
320 949
997 73
887 874
374 406
448 985
569 966
918 354
970 882
664 238
918 343
614 269
781 393
812 268
309 796
130 165
895 682
208 74
839 660
401 168
437 431
556 398
653 849
25 242
506 51
816 291
781 257
286 566
33 114
713 752
491 289
147 246
831 956
497 570
540 460
558 311
528 560
565 537
650 713
801 995
90 500
643 15
954 503
147 103
586 938
761 79
21 898
116 414
427 992
745 690
619 1
490 569
162 706
452 437
970 160
992 616
535 344
441 393
9 349
461 886
45 582
185 227
210 387
618 260
995 951
857 191
985 498
468 529
348 168
208 693
907 245
247 844
947 938
213 519
640 29
507 995
668 463
629 399
964 643
795 238
300 474
557 83
468 577
875 3
675 254
289 338
399 294
700 673
720 90
547 629
27 636
117 317
261 161
923 809
73 494
199 783
884 994
18 719
812 460
625 945
211 135
194 682
194 791
675 626
785 569
714 926
753 891
274 424
330 221
858 498
812 775
226 977
243 821
162 972
786 15
424 572
604 912
332 627
333 134
519 861
753 100
142 852
764 27
803 103
446 169
712 329
783 773
326 495
586 866
844 360
38 307
621 326
41 544
382 690
813 322
210 482
295 938
855 502
194 274
197 338
978 733
144 311
118 544
754 176
148 423
167 581
988 274
706 564
814 291
524 10
647 483
497 31
285 944
217 695
89 861
880 624
425 291
203 11
190 248
872 885
957 980
156 896
254 347
545 305
835 606
875 695
380 783
396 276
289 398
219 139
933 256
622 288
499 769
833 510
100 43
325 119
528 422
158 609
830 82
412 785
80 487
162 41
273 234
40 694
437 791
955 364
43 829
616 9
321 954
742 761
174 858
547 934
438 161
881 528
201 339
109 535
782 658
194 873
325 167
951 808
730 571
455 473
782 149
279 945
757 287
61 930
297 849
997 768
376 385
197 298
564 15
110 390
782 695
14 605
805 291
773 780
843 416
55 318
97 630
14 805
995 502
577 759
575 836
669 147
671 208
931 808
823 334
831 362
444 371
717 441
351 483
245 167
997 445
726 213
397 925
195 748
820 154
911 77
843 350
990 718
420 229
846 690
371 164
154 135
563 546
527 29
12 689
732 899
491 373
801 374
334 6
645 968
264 131
728 989
837 939
14 499
884 593
220 931
187 525
994 503
540 578
715 287
422 914
855 859
603 226
89 291
329 825
570 985
293 233
994 573
32 543
262 445
634 378
28 713
493 700
858 355
640 263
253 363
454 995
458 494
973 114
900 867
429 31
107 253
156 550
726 600
577 338
21 256
184 679
649 168
515 6
763 944
843 129
750 399
110 501
201 447
934 187
60 711
759 792
278 992
88 233
723 744
779 265
412 689
68 614
141 408
197 587
383 784
59 243
830 971
65 232
914 500
857 815
986 295
162 760
860 268
861 442
516 523
204 296
794 501
533 519
617 718
779 363
659 817
861 693
751 74
110 40
419 360
475 839
884 124
354 963
759 687
189 248
262 214
779 504
174 660
411 34
784 909
400 305
951 275
805 676
720 592
771 620
645 293
98 808
779 73
963 244
471 663
875 544
453 143
589 370
517 725
635 159
33 701
994 120
774 515
887 184
45 53
597 632
484 765
195 172
822 663
328 652
885 882
195 36
972 736
702 305
335 417
651 992
891 888
526 769
368 256
196 633
782 736
125 504
345 463
109 169
640 658
384 168
620 71
194 552
812 898
136 483
409 84
837 240
657 839
413 414
180 737
415 430
309 951
401 1
2 650
879 636
98 758
904 573
890 209
859 660
623 250
865 405
862 801
242 94
205 98
551 762
45 611
190 963
544 206
47 958
245 315
69 365
126 989
490 306
454 980
893 823
149 581
223 578
664 998
278 222
870 148
893 294
122 691
319 127
124 600
529 626
933 30
309 762
197 166
840 501
649 195
320 658
447 945
655 683
468 967
512 16
767 808
697 719
772 706
936 539
21 740
418 823
637 604
66 998
469 320
929 956
491 127
473 920
199 743
2 971
737 680
668 853
795 71
870 90
635 209
997 474
104 263
126 964
180 656
625 302
813 394
3 120
39 291
406 546
45 749
50 353
266 807
534 934
413 948
694 303
272 811
241 787
983 98
243 438
613 539
906 791
870 44
214 927
544 323
653 993
895 993
87 676
761 474
842 581
2 486
701 168
885 937
739 561
170 781
797 735
726 144
391 882
13 539
602 735
548 844
879 455
419 352
423 372
637 859
405 7
388 65
870 197
279 985
783 172
245 372
548 73
332 715
788 633
513 917
709 850
621 371
115 347
315 486
978 90
879 418
136 606
122 709
174 431
893 344
400 83
326 666
644 458
801 365
369 815
8 889
940 930
150 728
444 260
23 549
901 413
194 201
54 864
322 936
636 347
532 542
48 146
884 199
761 398
45 573
210 969
943 915
694 64
986 569
287 36
533 78
312 446
55 670
972 500
121 372
560 991
663 915
173 409
727 605
519 111
379 358
18 772
624 470
880 155
932 940
990 671
992 106
520 263
585 133
425 243
995 698
720 476
764 710
122 889
265 807
801 290
588 877
126 594
950 215
435 902
757 545
459 930
90 849
906 793
281 871
126 866
929 488
80 793
435 576
150 743
38 526
828 505
156 566
353 288
464 326
798 154
484 777
32 847
943 699
159 787
553 552
861 127
365 912
20 965
852 358
601 820
999 465
379 712
674 952
967 662
586 822
454 816
838 844
587 470
864 993
367 347
459 529
557 781
45 163
512 704
764 138
730 790
344 442
89 556
697 199
553 714
346 584
184 856
576 42
904 487
722 402
371 24
49 64
893 912
625 232
530 188
108 485
413 42
997 139
219 200
488 760
307 460
861 909
113 727
458 96
647 466
274 777
479 127
615 500
982 567
16 740
141 771
994 811
132 494
848 695
613 19
354 247
227 127
500 775
618 238
527 82
585 511
859 191
787 769
936 26
224 833
460 34
212 963
194 210
216 518
13 260
876 432
345 166
616 53
67 32
130 224
904 623
336 282
887 289
120 385
125 206
375 6
253 523
515 154
107 326
628 951
790 386
644 804
388 1000
20 81
779 233
817 446
746 364
13 912
130 164
948 29
824 494
400 32
326 631
843 288
105 112
59 152
278 867
779 435
48 716
583 771
13 428
622 298
159 744
947 662
418 434
20 821
972 314
3 673
41 609
444 296
923 880
726 324
13 679
921 897
338 752
979 636
368 819
992 808
242 852
719 850
705 735
101 905
933 942
872 184
727 319
213 480
142 627
483 85
272 264
183 695
854 910
413 126
481 552
940 164
413 36
976 748
767 864
533 792
899 952
81 809
745 783
997 166
304 958
941 936
48 916
910 743
50 612
767 442
949 3
588 914
398 673
58 574
536 525
552 779
218 251
445 996
391 823
837 200
329 385
565 398
751 333
471 688
368 810
935 698
845 323
941 154
594 349
999 985
755 49
165 678
839 37
658 700
128 991
881 439
238 483
310 828
667 950
62 198
392 46
836 775
943 557
840 653
802 92
142 741
920 510
16 713
649 854
236 999
862 504
242 612
261 77
596 541
868 282
331 913
321 572
694 151
843 569
932 641
953 73
554 9
720 204
59 352
745 641
853 598
982 369
505 883
659 740
878 582
516 77
725 856
482 175
797 249
122 390
585 480
987 32
682 606
130 307
593 169
629 160
995 160
8 438
433 666
669 959
727 968
213 99
647 689
507 689
321 989
327 31
330 769
257 103
629 849
860 40
243 820
239 430
279 690
636 376
799 476
943 677
641 409
182 909
733 819
377 777
420 786
936 587
481 260
795 301
218 578
890 168
214 103
322 99
505 705
379 126
736 338
306 746
935 680
437 60
188 389
99 367
961 131
814 543
489 196
176 351
329 461
352 564
507 367
514 565
70 486
810 440
136 786
79 136
220 914
122 496
286 338
235 390
54 259
558 150
610 29
475 361
441 958
739 355
631 74
461 259
745 738
46 249
5 235
374 847
395 771
378 428
824 377
219 711
58 4
423 491
706 302
702 806
317 116
547 984
91 537
860 177
881 457
536 106
667 441
975 608
82 77
814 109
331 146
104 873
928 134
711 389
876 17
900 187
733 99
865 829
238 809
331 121
204 662
423 937
119 836
101 457
411 634
764 836
907 996
433 681
213 928
70 678
320 867
130 436
352 967
331 541
44 594
651 129
122 177
176 436
479 620
413 441
736 957
879 218
595 297
903 416
644 3
134 509
83 125
799 772
945 829
285 682
514 193
236 88
331 891
133 187
9 466
924 858
946 702
252 357
768 502
522 854
312 381
392 877
12 530
459 584
560 926
116 991
355 673
284 822
798 125
346 491
328 743
755 845
132 866
955 578
387 177
151 487
779 571
564 877
506 686
932 677
861 329
554 237
285 570
371 568
908 157
797 44
178 79
89 290
181 332
219 9
257 766
827 131
4 768
978 493
924 849
109 56
963 749
239 135
658 206
570 28
437 99
593 149
884 444
522 155
617 31
945 442
727 539
49 144
911 271
309 819
570 568
301 389
701 95
350 140
285 746
834 245
817 606
241 136
51 197
824 729
382 529
701 135
327 144
960 455
888 886
832 899
868 436
262 111
130 485
393 748
467 373
91 880
68 500
16 517
273 649
56 103
194 672
148 469
629 599
903 856
279 66
252 925
923 504
139 186
412 116
503 736
422 280
50 115
832 700
353 223
880 465
907 553
543 296
874 36
140 155
529 903
640 89
879 798
975 681
109 762
241 539
13 133
478 433
279 288
944 442
28 608
215 792
309 280
36 480
617 45
457 85
117 341
426 17
725 937
988 485
374 529
512 792
178 251
514 609
503 231
492 837
453 729
455 158
670 106
530 385
756 915
427 623
357 423
691 596
559 286
695 498
607 984
108 706
392 64
55 127
644 883
426 168
148 641
189 724
216 204
156 387
266 818
782 172
124 15
881 889
199 157
519 345
982 540
427 626
445 102
212 922
907 714
655 685
69 586
989 968
176 424
110 57
118 952
604 751
284 96
419 315
260 845
885 905
745 592
484 217
212 27
893 568
929 999
285 654
415 62
54 223
516 30
755 437
591 492
576 406
116 471
772 316
887 176
429 232
372 995
479 651
139 168
158 724
949 759
803 724
211 62
272 796
646 471
244 966
888 23
742 406
707 112
467 554
670 886
285 58
412 934
89 727
880 198
753 348
165 810
339 646
39 698
538 776
758 251
207 99
872 448
908 633
89 645
656 961
142 844
400 288
516 118
737 359
59 168
633 398
759 998
413 372
67 440
838 836
160 187
894 271
732 489
260 398
747 251
86 355
672 267
139 161
513 935
452 501
162 307
36 319
75 441
974 744
24 735
351 711
723 936
5 937
669 871
49 806
482 233
50 2
859 751
677 428
950 218
988 630
40 959
94 246
848 449
476 765
741 820
852 966
746 666
142 359
674 280
506 717
124 140
399 826
130 871
70 736
486 998
903 815
722 569
795 277
279 875
429 111
982 869
767 524
652 93
453 692
822 806
405 945
246 833
852 164
712 740
380 31
665 67
932 489
435 787
455 26
884 629
573 521
435 29
633 358
580 878
541 736
283 839
952 564
640 37
896 599
91 286
754 328
482 327
645 247
8 890
7 963
321 899
322 508
696 177
328 971
935 39
382 60
906 567
796 303
203 145
461 624
469 807
697 406
190 244
300 159
366 888
960 405
188 582
634 858
671 996
122 448
433 864
117 635
622 423
472 250
550 286
535 26
757 234
591 935
962 808
528 312
929 161
607 917
578 663
902 461
699 84
22 525
758 689
65 494
887 414
907 758
747 93
298 823
785 312
490 462
92 961
468 779
995 871
132 706
133 663
27 483
872 655
507 229
50 461
953 483
766 853
362 721
419 618
2 542
190 427
615 510
935 544
963 700
657 76
696 556
16 793
231 169
189 105
622 729
3 549
379 288
483 889
284 299
618 778
982 940
195 157
401 958
753 33
293 877
901 278
242 157
382 666
651 206
891 264
411 31
444 240
603 713
527 688
750 520
715 573
796 606
697 746
771 303
402 438
335 372
409 37
690 494
800 237
892 728
866 351
894 746
165 917
810 474
978 616
826 250
236 395
67 37
58 143
35 930
362 926
694 567
547 175
204 378
496 643
80 834
745 343
691 303
484 535
490 990
782 719
126 880
52 883
496 46
175 998
207 376
348 775
347 777
684 937
973 725
456 666
228 906
365 734
799 392
712 546
341 347
540 461
91 857
610 747
772 686
405 425
482 108
979 457
392 82
891 254
730 711
603 383
750 841
732 812
753 241
309 504
644 352
422 394
832 181
170 548
445 520
581 937
868 589
266 880
357 460
195 564
921 450
537 729
369 889
331 910
44 189
652 810
47 56
694 216
445 406
533 143
772 518
310 589
851 853
78 473
371 593
409 134
742 576
266 537
307 715
654 961
322 22
362 937
183 972
772 841
464 231
781 673
216 840
345 945
345 612
327 588
109 921
575 856
383 645
259 820
167 135
80 673
779 984
876 494
383 637
16 439
231 849
605 409
162 229
18 30
601 648
399 731
69 485
995 729
615 736
742 1000
492 530
213 636
150 310
492 998
697 652
628 10
708 347
404 92
371 428
596 390
63 627
300 477
448 510
596 816
54 688
656 786
481 802
568 980
328 345
453 521
148 556
17 311
573 349
846 549
631 337
540 93
619 252
338 549
870 330
824 985
180 709
931 466
825 238
901 827
729 22
740 511
634 721
889 777
928 572
516 938
984 510
243 816
949 154
142 400
17 501
935 588
790 268
973 954
281 359
887 596
48 763
512 741
170 304
201 562
483 60
695 998
592 333
97 20
990 784
316 197
688 299
128 295
962 913
947 989
562 443
764 78
789 679
58 892
862 854
918 19
794 101
492 980
218 123
616 466
872 167
451 839
783 733
487 360
329 295
990 731
455 675
422 103
632 306
632 743
326 111
274 898
505 537
269 450
14 678
515 927
515 338
761 283
774 888
316 877
830 516
796 39
528 274
379 605
747 816
948 154
741 263
74 267
454 360
38 422
332 621
749 826
297 104
226 94
761 6
62 296
579 606
230 958
726 787
285 289
140 991
889 620
241 922
383 291
992 355
411 653
757 498
740 30
443 118
262 328
47 92
308 643
159 82
50 272
897 877
456 491
109 332
671 313
956 598
848 183
703 511
371 783
262 345
445 215
764 641
309 696
657 26
753 475
255 736
790 725
987 139
497 229
996 137
196 687
839 295
481 337
492 930
720 187
956 175
151 751
455 267
377 487
210 181
174 745
309 739
412 249
55 774
747 966
404 310
507 608
933 521
307 486
439 561
225 653
724 244
279 936
529 234
265 924
173 681
820 808
896 966
217 443
164 729
844 43
818 568
918 363
59 95
396 826
668 748
27 323
704 42
156 101
201 954
529 72
55 893
343 762
467 268
707 367
201 290
420 946
813 875
170 914
465 546
784 922
548 280
456 503
960 396
293 706
420 543
560 689
522 968
91 457
339 714
467 819
67 470
602 186
195 823
253 511
285 535
18 804
455 178
610 202
569 246
653 871
372 102
1000 465
411 383
379 770
893 207
487 770
718 503
184 254
709 967
350 815
43 254
453 9
836 687
314 544
997 641
947 795
892 22
733 289
643 626
717 114
241 313
738 514
25 354
522 701
997 823
669 826
176 722
728 690
766 76
896 763
418 489
40 810
665 600
540 502
119 169
321 837
675 818
285 887
859 939
36 760
932 565
220 186
238 642
750 362
956 358
813 992
872 889
617 448
376 104
728 765
838 1000
267 926
694 470
343 700
394 934
236 487
860 892
55 104
916 62
312 280
368 281
671 218
46 341
46 782
395 984
553 334
451 917
709 406
695 850
593 37
479 701
704 858
894 125
928 462
472 867
953 442
327 147
768 336
538 868
885 587
794 839
246 700
852 463
48 472
881 505
548 810
932 103
987 473
330 587
772 358
310 685
145 680
722 741
464 765
101 45
283 390
12 133
215 398
415 733
1 188
259 775
919 45
460 329
557 821
923 214
562 298
156 389
464 210
339 466
431 440
125 509
108 347
571 917
145 298
771 961
900 686
444 6
264 894
375 629
529 638
784 570
290 690
713 370
487 587
813 56
622 576
258 551
445 786
372 886
602 151
603 271
341 284
464 532
469 770
788 958
418 161
536 385
3 434
426 795
79 199
264 519
391 486
764 423
621 927
272 557
842 383
972 719
756 153
848 735
668 189
50 985
904 869
449 654
348 303
641 914
179 714
600 166
739 240
868 578
426 916
54 35
584 995
676 841
290 320
634 888
989 414
987 101
889 276
745 448
478 925
115 510
35 157
203 249
664 373
632 244
8 505
953 826
743 398
82 822
484 169
817 809
655 578
51 317
696 529
159 627
194 852
975 729
955 717
424 378
576 849
941 867
530 744
14 34
362 963
290 337
404 902
667 576
665 651
940 609
831 583
558 261
492 866
997 132
469 360
774 896
456 350
420 663
943 269
185 494
78 611
427 914
246 74
857 393
712 623
910 342
584 889
668 565
290 563
88 775
898 585
368 196
590 791
812 588
448 529
834 41
395 518
272 335
492 144
73 232
223 944
228 93
925 209
763 993
395 964
177 905
512 334
315 311
678 385
342 633
151 681
371 56
428 209
995 42
621 254
949 913
287 916
36 692
153 72
368 679
220 920
242 823
91 329
890 564
339 861
51 807
585 232
782 530
367 532
553 503
2 525
481 147
386 291
171 571
732 53
919 235
997 858
339 257
738 836
25 120
467 795
661 239
592 719
335 905
632 369
776 886
580 292
758 824
999 871
390 314
651 931
603 48
269 337
452 183
400 85
739 839
59 328
973 553
821 684
633 470
834 868
669 784
619 589
213 148
656 816
694 215
180 406
733 883
55 188
332 762
390 20
427 377
730 747
529 825
362 26
622 675
948 585
491 946
526 758
644 961
610 292
622 544
922 815
614 356
846 658
767 449
2 656
68 773
640 142
987 434
514 62
148 811
865 303
690 756
976 315
405 127
644 824
597 848
800 9
951 786
183 883
350 570
424 269
114 937
393 99
267 662
597 321
363 256
418 672
737 393
404 40
226 751
482 325
324 118
273 210
472 851
953 337
536 721
884 383
297 758
137 873
743 434
427 477
817 386
101 630
966 215
17 724
141 968
227 775
625 794
365 137
884 580
115 244
80 263
317 486
889 989
339 530
359 623
468 291
803 13
911 820
533 892
54 474
899 980
312 323
922 543
354 544
346 959
307 535
32 670
397 31
533 237
397 150
739 98
888 936
742 466
579 355
464 319
423 933
110 90
603 946
455 622
659 900
785 449
971 765
164 333
555 823
516 567
369 246
996 280
472 676
784 818
285 684
489 135
967 291
384 348
953 99
916 57
258 137
122 568
772 737
978 69
50 546
561 958
283 179
874 441
601 359
213 62
761 246
931 690
586 434
553 132
772 536
720 217
849 877
116 356
98 315
119 249
98 167
654 81
505 299
88 509
731 942
860 541
194 683
717 719
613 312
831 497
941 166
445 833
262 633
139 673
178 636
214 477
931 605
52 37
615 880
114 442
147 276
874 836
828 933
741 521
832 891
464 112
279 560
745 1
653 323
12 333
488 118
362 461
289 430
552 362
91 614
42 341
974 378
423 543
429 734
263 555
301 756
526 374
488 389
117 540
413 202
91 663
859 281
183 826
130 137
400 349
717 915
480 123
814 792
986 63
87 549
40 786
438 381
921 687
612 85
308 249
14 276
100 129
444 966
781 672
726 563
786 685
750 650
779 158
272 735
712 894
165 902
921 600
817 295
162 242
207 319
515 827
407 628
267 1
13 82
688 743
714 161
86 735
555 690
946 938
773 450
95 31
973 896
482 268
637 358
260 356
818 396
50 610
194 689
255 249
420 443
573 662
405 124
557 572
178 406
561 118
407 687
564 819
853 587
730 912
753 480
732 505
21 76
40 708
921 688
403 905
779 645
445 851
912 477
322 45
659 5
751 188
190 515
535 942
113 3
403 323
78 707
979 343
464 691
66 155
506 466
126 795
676 938
397 236
110 618
570 539
862 480
402 249
139 807
110 846
601 716
176 124
139 64
535 820
977 820
456 263
941 841
130 751
989 793
591 142
560 359
835 951
29 689
506 846
682 775
607 795
100 981
524 370
916 308
224 711
595 389
813 326
320 587
619 948
604 275
602 81
782 431
17 240
533 967
382 103
439 815
217 458
460 303
722 662
63 520
852 214
527 3
433 320
732 896
571 550
314 892
404 233
612 364
226 281
528 275
138 694
656 301
262 881
768 663
896 348
473 829
21 117
350 85
61 595
447 736
561 96
755 231
1000 620
800 146
929 626
63 878
17 88
625 726
535 847
383 290
741 81
204 125
181 231
978 510
997 546
464 274
897 560
274 604
545 578
378 312
513 569
327 570
533 123
59 147
497 704
115 817
115 356
832 146
150 677
528 822
502 338
214 679
434 914
455 552
205 352
204 744
812 930
707 977
174 48
636 747
54 191
950 816
185 780
686 232
940 543
540 52
171 244
393 841
874 409
410 647
857 501
657 240
635 155
380 983
145 623
58 783
557 149
448 554
394 776
562 687
319 206
916 1000
982 752
640 268
257 531
298 24
553 595
802 24
297 370
423 939
335 462
907 339
585 999
947 200
565 574
861 679
69 515
455 474
241 263
757 630
554 28
929 513
892 485
869 600
201 825
874 88
388 972
949 938
324 630
364 587
327 337
91 606
2 677
576 29
86 177
575 650
898 74
801 22
395 139
252 957
879 414
899 737
954 963
955 358
801 240
460 197
481 389
544 752
320 5
104 850
557 319
572 698
34 440
329 151
272 365
842 796
831 135
846 689
30 594
577 963
597 256
419 767
28 509
68 353
570 826
767 783
643 958
552 308
236 965
420 677
610 45
424 1000
557 61
688 377
923 703
908 599
212 159
124 83
342 30
900 166
672 82
91 705
479 708
408 390
316 664
726 805
361 791
987 554
495 525
751 360
74 436
94 933
609 221
918 60
707 131
170 22
353 798
870 656
444 435
965 389
541 438
857 368
306 99
696 487
932 456
538 406
973 885
852 234
230 642
512 554
803 125
388 531
2 219
47 702
730 4
902 196
44 143
699 825
559 536
24 37
447 240
902 294
577 318
988 361
492 83
754 442
80 268
901 569
478 607
907 408
835 711
929 416
732 1000
158 487
305 713
181 782
438 692
185 144
972 700
35 249
60 254
888 999
110 940
65 698
210 120
319 229
227 690
464 159
180 800
650 209
859 391
218 261
900 195
60 544
314 487
225 349
174 320
631 196
788 84
715 196
588 539
90 56
553 469
921 440
613 391
426 140
190 253
798 299
124 783
766 682
180 582
565 808
182 368
554 221
884 817
132 318
758 341
545 249
79 396
449 611
530 972
17 565
324 293
472 422
454 10
990 104
384 551
404 465
704 198
742 664
499 999
956 133
982 765
295 905
255 575
510 198
665 272
889 998
171 43
501 800
27 76
410 957
838 618
766 23
750 301
237 731
91 679
895 509
667 382
44 560
321 815
346 25
857 425
742 497
472 62
550 9
896 392
861 338
368 682
257 460
83 414
901 486
61 649
117 151
869 306
339 133
527 348
158 28
413 268
307 825
201 849
58 359
862 804
331 466
901 119
119 946
10 450
190 539
928 187
12 705
472 690
344 871
948 737
183 758
981 555
75 888
449 851
856 877
637 237
657 503
818 393
569 373
239 719
420 107
976 145
5 169
707 3
122 218
893 905
105 776
87 680
130 874
147 751
242 218
868 22
870 886
852 485
801 929
452 352
802 760
290 560
554 261
774 586
607 1000
301 206
779 895
575 782
155 549
191 806
512 903
602 578
490 879
490 312
678 866
343 477
576 286
797 954
616 698
284 133
552 713
947 306
968 877
91 283
771 567
884 671
39 685
98 235
997 851
852 125
618 725
247 565
986 906
805 502
69 762
761 311
55 984
921 316
189 795
903 500
805 510
615 373
321 246
174 208
657 199
529 650
142 964
618 847
660 769
754 100
536 783
537 135
497 834
335 509
760 131
410 494
615 624
958 215
981 971
218 822
142 514
713 582
986 684
571 189
343 84
404 204
726 612
560 938
996 243
683 998
46 196
104 971
399 359
379 684
472 164
40 972
456 687
437 511
19 780
884 83
562 856
577 266
171 175
764 569
619 147
195 238
656 364
162 560
988 945
472 192
239 249
370 687
439 971
614 833
635 716
997 376
781 326
13 529
984 792
70 344
163 925
557 261
235 223
811 793
294 719
723 971
48 714
245 825
11 337
488 589
512 474
490 849
217 909
640 825
228 321
365 143
956 534
739 341
361 442
80 854
697 417
11 596
322 123
307 631
290 804
330 841
516 864
591 539
25 336
444 843
50 376
862 798
16 125
397 485
327 281
613 702
278 360
426 417
300 752
742 556
504 96
490 95
734 620
109 940
461 159
934 744
848 548
227 234
923 908
124 525
482 868
162 137
773 440
452 23
459 447
815 26
216 550
918 299
811 370
614 602
116 529
140 679
411 573
484 989
981 505
485 356
801 867
324 105
162 412
932 211
401 519
184 294
204 460
918 975
150 112
960 711
981 644
657 364
491 786
556 776
889 336
562 35
522 33
672 623
433 775
591 29
591 925
931 289
73 502
992 283
5 957
43 161
207 296
923 606
251 137
313 88
987 118
254 134
953 202
375 708
990 193
739 761
665 817
171 702
940 320
322 338
321 432
559 361
437 793
720 107
975 415
452 173
109 305
418 13
273 451
918 413
738 706
513 808
503 687
7 93
373 370
232 463
468 560
602 271
52 748
388 179
522 73
391 939
95 883
25 467
558 231
803 661
919 103
947 121
894 159
489 305
452 323
309 119
536 438
330 93
142 310
60 633
705 191
887 798
891 97
65 762
264 890
54 314
922 160
59 486
331 637
890 894
835 19
290 376
802 783
471 152
535 633
240 689
331 714
138 54
977 198
924 971
835 759
840 608
986 60
90 489
825 711
457 381
754 902
315 222
259 334
522 353
868 56
797 846
113 137
802 209
636 662
533 543
219 922
992 458
761 741
50 950
949 902
492 180
54 968
473 628
111 777
476 301
846 340
97 363
80 493
927 938
870 549
165 418
484 970
413 871
396 46
458 749
783 770
558 717
31 356
941 924
285 301
178 809
503 961
70 859
269 560
236 119
675 581
754 500
848 44
829 6
25 477
386 164
101 586
778 836
14 979
731 215
860 197
255 442
185 218
403 143
421 276
186 958
571 494
928 227
533 814
825 349
420 903
274 630
702 53
225 858
210 197
946 942
763 915
68 59
729 871
960 271
199 414
447 845
32 88
129 540
901 987
298 544
922 45
742 624
837 836
197 31
199 650
290 521
420 869
834 653
403 474
630 186
705 686
663 926
281 76
191 347
126 581
434 594
879 580
151 240
275 938
818 570
538 108
97 500
795 989
636 260
653 930
963 643
121 909
253 308
146 654
952 549
8 595
277 446
205 177
423 254
122 170
803 377
801 477
782 681
608 546
458 543
738 574
181 856
272 111
737 53
391 347
715 294
32 690
949 968
90 450
970 599
117 966
774 664
945 416
407 443
392 660
475 642
782 349
360 836
70 425
906 734
38 253
973 67
277 1
150 369
27 405
617 726
852 222
1000 191
451 221
36 37
306 198
181 421
870 400
540 107
976 627
25 970
757 274
996 638
260 555
119 292
671 523
891 545
529 230
766 64
513 172
16 900
286 695
201 392
761 303
722 26
614 451
91 433
83 706
339 684
837 160
9 965
842 246
571 284
307 328
257 852
535 185
133 494
996 775
239 581
997 921
976 936
332 579
268 295
316 36
635 564
383 108
76 498
497 760
207 679
812 523
427 661
357 279
583 151
452 683
640 700
571 896
940 53
59 283
443 367
227 394
616 736
636 822
46 877
395 829
602 959
324 442
309 863
418 35
165 64
757 998
403 567
761 936
740 769
597 77
258 653
376 937
984 808
298 716
967 463
164 883
436 248
330 579
512 201
776 735
941 251
616 457
482 736
394 155
294 28
452 515
142 910
162 175
914 360
588 663
41 71
55 728
956 915
614 659
413 657
564 566
265 788
585 15
501 930
30 633
774 406
38 126
354 630
868 313
427 795
830 324
943 772
870 807
893 996
802 494
270 296
91 342
201 103
492 85
13 727
863 102
921 747
857 311
333 760
740 776
427 936
893 389
304 360
784 34
861 465
289 370
981 6
50 511
785 416
701 248
591 841
63 734
156 691
512 481
548 956
273 806
643 102
116 641
411 997
379 186
981 457
285 44
306 243
272 500
697 770
972 810
896 393
94 822
769 510
852 90
141 127
273 60
95 539
552 715
309 215
183 375
205 592
396 215
703 620
865 570
667 650
979 89
197 244
505 175
50 648
733 539
184 905
656 616
830 975
815 450
954 856
47 483
875 873
345 998
123 154
270 77
18 679
865 837
955 49
866 35
152 847
371 749
155 936
190 932
266 765
108 816
711 695
412 595
70 840
824 425
753 453
351 743
91 673
622 741
904 22
408 219
300 544
227 628
571 198
232 511
747 125
90 62
454 248
183 897
535 108
42 608
704 168
830 696
444 467
597 659
781 289
488 152
677 144
552 12
916 788
147 673
115 475
261 856
225 687
501 958
282 168
48 416
639 823
343 769
605 430
624 430
449 768
87 845
205 246
979 504
190 943
484 486
599 938
950 852
428 937
448 873
180 276
180 152
236 819
644 781
591 518
992 912
904 594
101 672
444 362
858 980
656 376
869 588
290 711
354 359
277 666
115 51
226 114
535 97
95 957
585 681
802 161
963 140
590 821
245 135
832 175
966 775
537 498
59 569
586 232
863 166
710 695
852 448
87 570
578 296
951 716
715 847
693 627
115 596
761 74
544 566
924 95
327 957
324 394
799 272
491 809
310 367
826 508
789 744
422 574
133 463
411 95
926 549
139 341
316 663
766 292
990 777
865 85
204 143
573 839
960 981
264 567
669 574
947 756
363 666
163 539
471 436
148 348
194 593
918 765
61 867
78 771
279 646
122 50
636 249
484 638
33 95
452 74
988 479
773 966
150 108
255 169
802 663
659 521
91 395
937 959
202 343
475 735
243 244
975 687
960 215
236 312
576 351
690 525
639 861
512 154
117 384
738 784
830 807
410 295
383 137
365 922
60 598
173 489
850 250
659 282
519 197
284 673
636 590
503 154
820 72
767 835
418 240
801 304
771 942
920 500
573 518
922 270
264 653
47 642
691 733
926 131
870 710
693 188
90 566
252 521
678 544
552 852
129 549
205 924
901 351
294 569
635 456
982 351
11 498
452 779
911 849
553 922
863 806
195 337
114 428
519 474
596 792
720 223
286 231
357 946
194 397
747 573
766 235
822 708
384 936
513 788
628 200
258 335
591 744
23 6
354 270
482 315
462 648
962 113
556 1000
267 938
931 569
978 649
335 699
664 6
40 926
223 112
297 329
44 211
83 933
339 527
357 479
933 662
328 102
327 214
771 81
590 311
773 968
693 277
146 823
906 719
63 966
548 949
655 680
341 736
710 102
565 438
239 305
615 142
366 705
276 125
538 840
480 508
462 175
652 542
653 254
916 937
821 295
889 191
859 323
715 525
699 823
2 541
869 235
448 179
33 590
73 672
307 718
987 604
988 98
496 250
953 296
601 305
173 788
895 523
87 734
471 133
163 172
455 993
439 508
976 126
891 948
5 327
280 389
779 579
726 446
105 93
875 26
657 355
397 594
838 837
456 935
92 256
972 77
404 49
560 626
488 422
617 954
340 877
732 605
763 673
468 86
469 64
514 594
767 548
842 915
453 684
591 769
387 424
461 145
745 880
834 451
891 107
122 465
110 383
930 549
472 256
456 645
753 657
771 462
420 32
59 602
260 585
923 718
122 320
657 352
396 57
505 338
241 248
919 256
388 694
631 26
406 230
614 718
890 214
189 119
916 984
486 944
948 304
586 543
533 569
933 164
23 957
754 451
757 153
479 516
443 111
890 925
561 670
49 500
213 798
235 954
651 287
697 609
708 566
493 947
493 945
759 589
205 792
501 19
67 728
190 264
380 198
986 852
932 264
420 914
956 572
919 424
478 509
80 707
709 367
319 600
893 376
73 787
943 715
458 188
556 291
80 49
406 692
224 600
410 244
394 106
978 571
471 993
199 312
181 989
785 641
20 477
870 140
555 652
830 490
579 166
707 381
449 554
357 97
674 421
949 690
87 209
856 93
491 77
453 670
853 409
644 935
242 534
295 175
891 7
409 370
979 903
138 230
481 609
352 74
895 315
552 394
934 367
768 689
76 666
520 689
451 284
611 820
781 292
980 539
139 77
464 625
702 930
91 372
143 695
213 424
19 381
646 95
578 299
558 312
411 231
178 669
601 267
162 620
732 507
699 319
990 921
516 980
594 939
848 626
958 166
281 74
373 500
526 2
28 721
307 614
712 119
625 757
162 735
252 778
571 690
270 414
38 575
66 333
296 511
919 244
759 398
429 167
378 167
144 563
306 939
327 727
661 275
345 202
976 203
39 821
207 632
117 53
346 248
67 768
176 126
879 523
639 144
397 997
287 858
643 81
352 933
207 946
705 103
425 626
597 177
874 854
86 576
659 744
380 274
553 992
970 598
310 343
2 585
204 525
226 648
834 542
190 55
468 701
569 530
452 535
126 586
621 639
788 518
278 12
828 263
4 500
796 888
940 565
763 826
468 812
514 892
325 267
109 206
204 208
519 952
556 966
866 545
78 390
68 565
617 176
401 659
282 698
32 159
710 758
108 394
489 261
987 448
202 937
645 195
79 118
779 612
874 849
640 462
729 549
197 7
252 937
788 926
471 578
293 686
935 243
994 557
459 705
460 670
889 175
427 408
174 265
765 15
641 756
378 175
228 761
39 192
131 566
353 890
580 495
519 30
766 502
974 770
490 376
226 6
176 631
493 808
68 930
204 746
354 613
669 250
519 246
410 530
306 342
607 509
240 9
429 335
393 829
426 915
178 477
616 218
188 500
910 367
505 769
195 119
608 681
18 808
404 556
79 407
316 486
16 520
973 832
249 970
65 323
122 987
49 9
335 284
782 926
514 991
514 587
418 379
533 386
113 52
970 966
794 606
959 206
392 434
176 916
895 520
603 450
501 291
362 995
639 894
346 89
52 886
516 682
494 959
23 191
78 837
981 705
48 808
516 919
89 428
453 641
881 373
476 161
295 735
829 440
80 20
621 892
61 473
118 746
156 345
746 301
399 178
603 317
585 282
622 188
575 511
627 179
258 415
812 389
171 994
688 29
136 298
484 176
800 658
893 204
87 416
380 995
317 729
918 735
886 85
565 341
300 149
212 727
285 82
931 13
838 975
309 92
475 153
184 677
791 663
646 208
225 434
365 519
636 846
657 651
512 9
439 733
553 947
236 649
515 475
499 786
577 707
904 525
130 706
817 231
874 263
503 630
929 539
567 808
235 323
553 407
676 663
592 443
443 747
778 154
910 951
204 334
189 721
988 767
735 381
866 508
259 773
21 795
8 86
451 77
854 815
695 276
447 154
86 243
733 311
346 612
117 876
519 457
796 6
843 358
601 97
835 568
862 332
432 235
547 697
677 714
108 494
897 684
622 924
327 140
475 15
183 374
115 36
25 281
758 718
155 752
802 367
799 758
969 735
755 379
944 37
533 44
130 379
972 470
332 995
205 107
960 961
50 583
390 809
639 866
136 877
522 214
629 70
530 303
880 941
400 221
953 153
899 638
148 320
757 734
519 158
207 701
834 256
281 161
609 358
565 295
86 766
911 30
437 65
552 889
75 103
330 229
117 885
596 248
617 834
834 200
601 243
857 422
529 193
506 105
876 280
676 845
386 687
341 786
309 223
111 936
172 680
62 775
580 422
529 850
982 852
999 679
573 393
521 168
100 656
357 441
742 871
50 966
625 676
986 721
128 900
425 894
292 927
257 543
97 289
722 289
133 291
936 793
357 266
54 93
516 654
876 128
324 709
14 743
880 195
293 530
330 815
424 276
353 402
535 684
44 127
47 146
159 462
322 495
675 39
415 606
660 337
439 702
977 713
91 277
354 955
745 431
565 450
396 915
657 969
536 334
202 693
25 975
248 993
449 747
410 861
413 112
694 995
322 286
610 531
507 40
132 947
424 652
219 585
461 825
228 516
597 834
883 338
963 30
835 127
378 648
429 790
848 462
520 827
260 340
479 864
691 714
9 172
889 250
432 991
302 34
526 787
696 882
89 580
617 285
329 386
30 311
677 489
258 564
451 251
2 822
258 740
285 493
469 486
880 19
883 626
130 795
202 700
426 776
941 877
779 606
817 807
747 835
928 919
962 590
397 271
640 813
874 61
20 672
325 406
999 847
928 704
354 675
387 915
501 363
818 163
618 797
252 104
547 708
287 319
478 977
435 456
619 864
758 246
245 417
410 150
84 993
625 600
341 776
619 275
768 134
881 259
184 823
79 483
516 409
479 254
65 337
435 282
946 705
370 389
80 369
584 867
706 606
824 157
737 337
496 259
21 983
118 910
890 95
416 457
393 336
16 166
322 643
161 169
70 502
92 749
219 415
720 787
629 877
994 87
58 724
741 62
186 959
562 461
891 385
764 881
12 315
90 96
435 26
843 937
386 682
577 883
615 848
178 341
39 233
381 229
401 420
148 525
610 432
405 714
890 897
869 299
372 853
718 206
557 364
987 518
571 656
953 333
517 564
992 293
459 123
848 559
23 1
958 19
953 456
63 373
959 871
592 356
307 370
589 599
644 851
828 706
95 499
776 299
575 933
119 776
464 610
890 556
285 27
506 616
904 168
570 177
91 645
149 716
651 656
174 700
202 39
506 814
855 144
526 607
66 662
490 458
309 321
517 763
455 888
521 681
859 256
561 257
870 724
929 599
285 803
968 166
272 749
865 769
536 724
738 487
493 198
575 390
629 583
615 506
66 639
214 305
34 939
515 958
54 302
139 1000
791 85
332 337
423 223
23 570
561 503
637 793
429 180
232 112
231 232
303 751
371 35
306 349
618 752
470 509
903 897
423 763
874 460
766 829
18 863
235 378
550 34
660 937
330 564
862 293
11 655
207 846
453 19
264 581
137 729
854 574
983 595
893 28
591 101
108 641
180 22
720 546
183 700
129 877
771 714
21 311
757 386
319 22
869 19
869 686
907 961
765 450
983 15
767 889
772 319
418 325
183 152
846 829
242 458
62 161
81 206
952 945
339 83
376 711
33 567
592 77
913 864
117 363
54 111
239 746
527 414
408 31
917 687
379 56
190 709
264 806
194 47
488 859
996 656
990 481
114 470
741 933
445 545
601 83
906 53
784 626
346 200
346 773
590 698
132 579
252 874
597 903
526 840
888 261
960 331
766 475
343 819
732 260
382 783
331 40
133 370
907 253
830 499
432 219
559 589
252 97
453 32
327 369
164 85
671 584
2 709
439 461
914 53
831 618
559 137
428 175
68 393
875 11
911 249
966 939
473 485
265 402
754 900
497 916
739 405
522 367
539 248
694 340
726 921
530 786
801 554
970 827
469 396
357 62
491 915
846 146
21 142
910 153
900 903
997 551
975 568
165 723
985 221
891 120
67 23
251 153
344 858
182 590
165 217
129 1000
921 923
382 693
761 596
832 740
924 26
484 447
883 229
636 729
12 470
732 69
123 112
990 783
628 22
171 872
649 789
830 745
16 283
411 886
469 292
16 544
328 349
309 421
49 556
129 650
647 125
922 83
63 703
854 579
584 35
819 713
14 304
287 626
697 626
667 723
294 736
651 483
264 713
7 883
460 84
822 299
180 146
941 859
443 569
956 120
22 291
278 376
632 851
764 766
799 466
908 256
322 447
802 456
469 188
842 985
348 1000
32 500
772 898
605 84
308 123
536 846
817 250
231 470
88 96
896 247
902 856
201 218
203 743
274 333
866 147
888 967
989 792
134 993
963 161
709 114
503 215
395 246
489 298
74 494
330 699
130 268
130 920
994 207
843 669
891 118
835 773
433 690
616 585
167 573
677 42
703 82
364 347
735 169
918 460
204 807
21 887
996 905
617 183
66 768
379 593
712 349
750 576
825 623
550 844
130 46
520 421
115 75
79 113
300 898
193 131
410 699
506 852
657 327
750 324
364 172
476 937
917 765
754 945
519 263
519 36
632 206
536 808
523 500
529 660
769 381
512 937
859 514
61 939
141 906
272 370
860 659
592 716
990 27
593 360
454 519
997 688
335 825
526 409
732 560
732 163
273 639
400 1
162 415
184 664
884 467
813 659
947 232
851 343
686 713
800 648
908 310
344 169
932 700
184 466
126 854
591 153
557 548
983 385
121 172
888 823
213 286
432 701
657 312
876 324
387 445
75 277
517 182
115 906
167 381
82 149
100 363
944 684
564 698
945 648
213 399
108 731
342 662
553 610
163 599
693 539
539 563
832 236
27 327
870 185
618 820
639 166
70 796
987 511
346 493
309 743
715 940
517 105
555 358
243 466
80 784
136 514
618 49
506 308
799 4
893 276
270 295
32 985
365 486
257 485
490 254
207 904
960 266
971 856
688 531
893 559
484 821
416 700
753 837
455 757
636 491
242 313
407 118
11 892
443 650
855 386
785 405
622 609
897 883
255 88
58 900
292 867
432 32
406 167
960 611
543 289
622 472
388 422
781 896
138 130
