20

337 1629
302 11
14 74
307 252
39 70
150 79
278 112
101 334
80 208
92 135
312 96
241 142
303 166
185 327
246 296
232 145
126 56
182 254
116 118
135 204
116 289
68 241
288 167
114 60
118 48
162 76
200 231
304 240
127 179
113 222
280 302
183 217
79 280
230 267
310 196
315 11
99 294
106 156
308 26
139 182
274 105
294 108
62 152
305 275
182 123
183 214
168 192
26 34
214 253
328 262
75 236
224 215
243 232
121 337
34 21
75 310
5 79
154 324
72 154
21 207
258 275
332 302
25 4
190 259
324 112
236 146
74 142
334 169
10 291
137 273
72 120
8 277
334 216
27 70
224 93
315 118
228 202
246 249
142 115
312 293
42 207
288 195
112 332
192 212
274 176
293 47
166 311
242 252
47 16
33 191
184 61
130 137
151 54
305 181
21 209
66 208
284 159
50 54
52 310
3 244
97 113
288 329
328 315
298 37
17 30
272 290
259 105
246 203
233 243
101 300
307 40
109 321
299 95
161 199
267 118
266 268
128 325
147 227
115 96
98 293
201 179
305 103
31 184
271 243
185 195
311 88
158 147
12 298
217 182
21 84
167 213
188 190
320 185
266 173
34 193
17 127
293 218
299 60
319 49
260 254
182 81
277 264
68 88
292 318
59 192
22 52
78 145
280 72
272 207
191 297
176 169
15 95
199 210
131 9
205 50
232 208
305 209
325 286
226 297
284 227
285 235
22 92
261 2
30 321
286 26
334 333
154 258
219 66
313 9
114 289
321 89
269 281
292 27
241 287
208 96
68 63
153 228
300 175
291 82
150 139
262 26
319 223
85 312
175 241
323 24
139 307
49 117
143 265
24 233
284 260
165 82
39 50
9 235
106 256
15 5
290 91
273 241
230 92
111 102
69 296
145 328
20 150
59 270
259 192
190 194
212 299
56 327
251 263
16 59
289 243
271 7
115 74
240 99
227 168
245 265
88 23
326 113
295 84
280 322
100 67
98 147
49 240
177 315
144 7
310 249
311 229
331 164
210 325
270 204
236 95
205 126
85 211
93 275
130 287
211 271
304 80
323 156
235 46
309 81
292 63
60 318
228 7
269 142
310 240
188 290
193 156
177 250
199 279
40 249
266 51
144 284
330 110
246 321
265 326
325 169
254 257
335 64
68 26
124 111
307 108
36 35
2 79
149 199
318 27
28 210
56 261
94 55
175 146
125 185
127 181
183 82
192 90
87 253
17 286
74 146
169 235
116 297
190 254
12 92
130 51
321 238
210 36
289 264
218 158
202 244
133 151
295 120
260 46
69 245
200 49
184 256
257 94
209 264
63 125
73 67
273 62
241 191
219 29
114 278
125 256
162 266
301 266
180 279
308 204
179 315
104 105
250 8
90 4
143 50
256 105
241 176
153 279
317 166
248 222
302 330
124 318
197 235
328 150
201 232
298 216
137 267
305 186
132 71
99 12
84 117
115 140
315 171
158 333
313 292
153 280
123 77
271 231
239 100
198 125
4 113
278 165
64 113
301 199
236 25
314 119
305 91
83 195
182 291
167 271
25 100
279 124
236 319
158 100
146 153
59 335
134 309
250 37
63 74
294 175
150 213
11 72
177 9
158 117
51 93
203 227
277 222
82 134
67 61
45 163
158 279
311 181
115 99
137 24
298 45
276 268
235 276
256 228
131 26
210 74
157 188
51 284
112 227
239 309
46 218
303 178
144 46
23 254
225 279
316 29
246 218
319 48
175 330
216 292
15 198
1 51
241 253
170 179
94 103
207 110
135 309
175 226
212 101
36 26
151 315
121 150
199 309
12 242
127 226
318 283
18 24
182 177
112 264
167 114
277 99
231 17
270 329
73 179
170 165
79 109
321 311
12 26
167 336
77 24
288 134
253 140
20 136
294 283
152 256
28 88
68 39
309 315
276 209
5 237
249 288
323 115
51 22
185 297
167 329
320 53
319 199
233 335
108 172
128 18
93 256
273 274
131 313
217 50
57 142
239 199
7 189
35 249
239 52
282 206
183 223
1 170
112 174
31 18
292 49
76 326
112 90
225 99
135 278
277 22
13 113
234 149
145 246
111 228
167 22
51 252
337 53
321 275
50 316
226 221
329 280
321 140
296 19
178 43
180 315
236 168
21 26
9 181
135 102
84 276
216 132
236 63
221 120
95 244
249 316
178 192
196 231
261 301
282 287
25 55
117 110
88 156
326 289
183 194
170 309
171 65
53 272
288 296
309 280
2 71
297 78
190 78
172 298
150 273
62 151
300 134
108 337
5 162
298 265
211 95
70 230
272 169
56 315
117 137
299 282
272 312
184 42
297 192
281 62
84 248
250 224
325 242
144 258
54 334
62 158
63 20
33 65
307 213
186 63
286 284
25 178
261 49
218 254
310 221
131 144
277 337
214 98
315 115
172 280
137 266
217 47
254 100
239 272
169 263
287 128
235 2
114 39
116 263
193 199
213 337
77 247
53 48
316 139
211 319
301 36
259 125
245 140
49 36
306 140
38 6
140 191
305 259
141 210
182 75
81 303
241 161
169 87
31 180
148 45
245 149
247 252
257 8
222 298
95 170
190 307
126 283
53 25
10 38
123 272
177 8
278 197
246 260
31 66
162 216
199 118
204 323
115 296
265 193
304 100
142 242
236 249
317 88
218 210
271 76
38 274
299 85
98 105
7 251
47 32
329 148
122 325
71 49
110 116
242 148
81 270
37 114
241 84
82 230
320 42
234 58
30 19
305 77
159 126
289 318
77 108
225 278
298 164
62 213
66 136
239 317
61 334
279 251
89 74
218 53
94 213
262 159
10 204
287 173
311 59
28 274
289 311
111 85
222 200
75 83
40 79
27 276
108 83
184 313
302 265
236 117
57 304
165 63
134 92
107 224
204 272
299 44
10 41
321 95
17 326
169 131
90 74
110 9
223 298
238 32
153 234
185 295
109 64
64 52
262 241
265 230
304 7
270 337
75 222
337 193
101 184
122 31
269 242
225 193
139 256
304 208
179 253
126 3
300 164
26 251
307 27
6 237
246 28
267 332
308 58
162 73
259 45
331 120
97 198
191 1
156 101
213 116
53 32
76 327
28 175
217 226
316 287
237 101
37 24
168 286
249 162
197 322
14 264
126 13
59 84
69 280
188 333
44 151
230 174
117 189
9 28
250 101
256 323
108 11
143 73
100 170
269 110
307 263
127 142
312 261
272 240
192 69
285 46
96 214
65 55
212 322
273 66
93 12
31 234
184 29
282 163
66 65
106 56
197 143
96 318
133 317
63 225
250 168
113 260
336 144
210 300
275 280
261 277
65 298
121 309
174 297
251 220
312 275
221 247
304 66
109 167
40 7
117 231
300 22
105 122
30 268
251 314
110 62
59 146
280 26
173 230
140 315
88 252
169 285
230 251
14 34
91 246
122 221
129 147
22 29
192 328
43 322
286 273
306 6
198 120
181 208
92 64
112 249
280 319
121 125
145 202
255 206
165 135
250 17
216 97
328 304
278 41
326 53
220 149
164 237
302 194
323 219
15 236
183 176
214 147
14 44
91 273
130 98
96 137
162 179
250 24
140 15
128 180
314 163
151 194
30 63
268 286
89 271
289 298
273 176
228 252
273 321
113 255
186 159
307 43
305 59
45 313
208 114
77 232
191 307
206 259
27 254
123 93
20 120
151 72
173 91
102 67
239 77
14 143
258 142
94 232
22 78
5 142
9 203
216 118
287 190
201 57
315 33
81 230
30 41
270 141
93 289
229 183
198 100
328 3
21 224
282 3
104 63
232 250
243 33
151 295
52 182
55 139
220 311
314 188
243 206
136 201
118 100
125 323
219 73
256 253
239 122
278 212
246 216
129 47
226 268
236 232
57 112
44 204
123 243
125 22
42 119
135 319
83 203
329 84
257 250
153 57
66 128
127 116
101 292
291 276
285 252
105 50
334 336
89 185
198 62
71 324
186 203
207 260
190 324
97 186
6 335
79 309
325 90
74 257
105 59
233 14
273 253
57 243
91 105
2 324
55 135
48 223
284 93
1 207
149 63
100 88
41 321
236 213
13 294
274 252
181 231
319 193
25 89
89 52
233 111
241 159
96 177
210 329
52 145
294 242
278 280
118 91
305 97
164 151
186 228
264 48
283 291
34 272
40 44
332 218
260 196
265 23
266 312
271 9
237 286
335 236
179 93
200 246
64 235
199 168
82 76
48 265
162 299
329 170
147 175
242 83
284 183
219 154
298 80
335 245
104 159
175 33
290 99
296 134
317 325
101 35
177 72
271 308
257 208
49 150
115 181
249 337
30 259
321 234
160 168
33 158
311 101
77 162
298 234
82 175
126 60
147 332
277 38
260 34
71 294
323 143
152 304
235 17
182 109
96 238
135 89
145 119
110 52
77 202
171 269
103 111
178 258
221 224
78 204
151 46
38 5
264 44
212 159
51 164
200 52
310 41
333 275
84 292
250 12
177 292
315 15
98 59
61 165
264 68
319 235
159 39
108 128
111 149
132 91
84 105
49 185
173 333
90 309
30 50
237 65
111 45
100 306
138 211
169 178
284 133
272 10
15 153
150 111
131 155
81 325
254 2
119 58
208 138
44 219
10 327
211 110
107 54
217 167
154 109
13 220
18 169
312 321
113 109
258 334
228 253
303 312
51 275
284 302
91 220
68 111
290 33
111 56
239 119
282 150
288 102
54 296
97 157
302 60
214 162
134 291
120 270
191 214
68 55
233 17
152 9
319 167
184 207
130 151
50 85
19 255
169 174
63 51
121 24
12 294
101 130
194 209
221 190
135 313
78 317
135 131
307 144
182 186
311 279
221 263
216 214
107 18
155 117
270 237
129 200
241 67
282 301
84 196
273 36
24 81
162 310
270 15
127 119
82 1
285 231
258 11
151 308
75 150
304 179
100 82
300 71
212 289
67 171
143 198
115 64
5 225
334 297
8 144
195 271
16 80
201 212
220 208
292 229
130 200
224 147
136 308
269 72
71 316
58 294
192 123
29 285
160 84
180 290
37 333
128 316
260 297
116 257
105 35
323 116
83 128
274 253
93 87
154 205
156 249
277 1
282 252
288 144
62 326
16 63
334 315
123 158
257 287
153 107
64 149
249 159
232 161
271 289
307 284
26 192
311 306
139 118
201 126
221 99
22 124
318 109
214 66
184 17
226 193
232 168
34 98
38 239
318 314
84 86
253 148
254 215
146 68
240 183
224 337
243 19
7 172
194 30
195 148
275 195
177 79
300 299
226 331
262 320
191 49
158 202
217 65
200 7
313 163
84 279
67 313
76 198
313 268
137 94
105 31
326 45
201 249
38 142
180 203
148 327
121 104
85 82
32 66
269 299
217 74
20 182
190 226
45 218
197 84
161 300
29 209
35 150
290 114
275 282
17 205
326 81
267 72
56 335
315 145
116 233
170 168
233 51
220 124
331 324
152 39
316 317
317 169
173 228
160 167
150 188
317 68
260 109
90 238
35 108
39 155
101 275
107 59
53 11
20 324
63 102
46 42
50 153
143 62
312 122
226 13
246 72
191 258
52 68
203 263
4 316
284 23
162 202
165 308
243 269
219 308
131 269
120 250
321 324
250 31
308 70
171 4
247 115
178 227
185 179
247 224
162 280
325 316
185 28
210 236
156 80
213 33
287 293
53 29
37 270
98 300
100 24
105 83
170 106
210 270
169 254
239 105
279 120
45 21
229 131
159 29
15 312
8 127
214 168
324 99
183 312
224 258
235 130
199 333
2 33
296 201
29 142
177 13
198 115
257 149
44 315
209 71
252 227
72 329
313 97
261 129
209 208
327 207
118 240
73 100
43 275
87 74
273 160
202 6
297 298
319 55
207 216
47 212
128 236
76 191
59 337
25 289
81 279
27 136
47 69
218 216
58 212
68 272
329 305
38 214
166 27
21 305
299 51
63 170
50 77
17 156
40 75
45 145
135 130
16 99
291 171
165 51
215 7
198 197
325 272
155 303
119 22
234 178
261 168
332 176
277 102
30 315
76 173
117 221
231 101
124 161
1 298
77 130
57 40
37 242
20 30
295 164
20 141
304 3
221 23
39 48
277 293
333 136
134 44
27 159
87 292
248 26
16 283
179 249
112 180
68 156
252 30
289 12
126 110
201 309
209 309
38 235
80 38
321 189
177 91
161 276
278 246
283 300
17 309
314 7
283 150
200 250
164 258
224 162
178 162
141 46
82 83
183 243
25 209
44 155
99 224
321 141
26 112
232 282
105 189
220 45
61 240
47 333
306 249
75 105
140 112
216 129
113 271
95 139
150 57
8 141
263 193
30 212
106 173
125 202
271 129
275 194
243 131
229 124
229 306
288 166
110 64
167 11
79 272
192 247
284 210
189 107
139 289
242 298
157 200
229 315
231 214
87 248
53 56
21 47
68 14
287 209
314 138
43 312
61 57
227 305
178 256
215 94
36 166
137 215
289 73
259 155
26 178
261 13
99 146
320 325
144 88
273 49
128 279
22 25
148 28
38 8
168 55
77 35
74 129
88 285
34 188
216 234
124 224
215 108
175 200
94 45
111 156
301 201
305 270
159 191
108 323
221 39
294 295
319 293
285 160
70 212
310 168
41 31
118 31
36 211
277 215
142 117
107 271
37 188
314 76
264 195
211 316
284 158
330 281
42 271
43 90
177 186
219 246
43 292
227 301
320 217
263 283
179 142
108 88
167 266
281 21
304 146
197 286
108 290
253 284
206 217
280 272
264 202
265 220
255 249
261 135
171 166
248 137
233 46
159 306
307 93
45 327
193 326
277 217
70 31
199 114
242 6
44 203
281 143
229 321
238 42
311 176
258 60
316 172
287 72
35 163
254 53
165 326
304 128
88 162
108 221
129 43
205 139
261 137
264 248
191 72
47 258
237 250
111 289
188 8
312 30
136 257
84 191
109 81
92 60
258 159
5 295
5 22
50 221
167 200
106 273
298 127
78 155
136 264
244 121
92 53
93 161
233 121
217 138
166 163
316 108
242 130
315 216
104 191
125 151
204 74
66 103
194 80
134 227
140 254
288 132
328 59
168 15
282 27
266 241
137 15
239 188
61 2
1 290
296 173
167 335
193 315
233 329
223 52
322 263
141 140
162 243
22 314
165 92
158 53
243 311
36 132
82 275
10 116
206 159
176 291
145 322
22 317
188 224
174 55
255 136
114 98
4 197
232 276
238 270
250 206
159 71
287 18
110 196
204 313
80 316
64 6
63 246
284 174
97 194
29 83
201 124
146 218
117 325
193 157
157 324
160 157
306 289
270 214
238 273
152 124
189 286
227 215
161 242
159 235
55 111
130 281
168 92
208 179
118 287

347 1926
74 106
162 43
189 224
67 306
230 162
219 322
274 286
223 266
5 195
11 171
160 345
36 177
78 193
173 8
147 328
246 347
165 239
241 310
27 194
11 83
177 303
196 93
327 320
279 81
262 96
83 14
58 190
269 18
15 103
18 329
246 148
177 70
346 128
168 74
294 117
139 14
340 319
167 144
227 304
31 298
34 26
54 217
274 214
210 110
156 214
226 347
230 196
170 236
234 282
290 24
129 299
94 152
77 192
278 323
316 242
194 105
182 335
161 336
180 52
298 5
42 311
119 33
9 78
72 154
331 17
258 275
121 120
161 15
254 241
264 165
84 302
105 103
267 208
33 53
84 157
33 166
16 154
130 142
319 29
111 159
314 66
190 266
247 303
141 212
310 62
221 38
84 333
172 59
63 105
303 21
148 188
12 214
52 77
75 292
93 321
69 290
304 156
253 215
171 19
212 183
128 334
281 301
84 316
287 180
142 148
75 332
275 126
168 324
11 197
330 47
22 269
336 73
121 19
124 40
173 23
5 129
189 47
211 126
308 86
312 17
318 43
21 301
46 256
153 42
282 149
231 154
108 282
18 46
329 150
123 170
262 279
300 94
191 66
230 342
233 133
181 88
147 232
23 255
171 158
122 253
267 252
94 127
206 270
334 323
176 178
103 130
342 180
81 107
136 85
12 338
36 344
147 128
257 29
149 39
98 324
299 77
88 338
35 333
153 182
29 237
50 178
17 112
55 179
289 305
272 279
38 212
78 256
245 107
137 338
344 287
73 333
238 74
126 245
282 22
3 208
11 34
267 295
30 321
94 2
306 259
63 299
310 140
7 281
7 228
122 126
347 137
330 67
136 67
158 227
270 18
29 78
124 209
33 11
129 85
34 234
162 23
55 149
205 83
246 191
178 183
36 340
37 162
245 125
111 206
294 282
189 219
153 237
176 207
305 26
208 304
153 158
247 60
304 222
287 86
240 310
132 118
14 118
217 106
270 28
92 4
165 202
117 60
122 169
140 69
251 263
329 4
55 289
148 133
298 99
26 108
335 26
214 55
128 121
220 279
226 91
317 310
212 9
293 317
265 282
28 62
104 332
88 134
73 214
273 276
22 137
206 15
300 48
230 177
109 267
64 302
194 11
106 185
235 343
130 217
242 211
127 135
92 107
55 17
246 334
249 13
305 246
52 326
343 282
305 327
116 330
210 316
29 195
88 118
168 290
96 101
296 18
206 238
262 332
65 128
48 269
307 255
73 283
335 64
159 132
16 32
93 14
95 245
260 257
344 231
40 224
185 326
131 203
223 154
323 253
218 262
184 138
3 5
135 207
319 73
59 298
297 62
306 321
129 131
171 264
175 42
344 238
271 136
347 75
58 138
131 48
134 47
135 183
282 281
236 302
13 12
342 322
330 144
132 81
171 54
247 142
254 307
262 201
54 47
92 150
261 141
314 136
264 263
301 51
123 191
31 222
150 184
136 140
10 16
263 326
90 226
35 104
274 102
289 276
269 289
236 148
255 199
93 232
103 19
68 119
130 5
277 338
263 342
102 201
20 97
323 251
48 346
35 17
37 136
208 22
64 122
320 303
170 212
224 239
95 233
173 218
76 246
215 110
18 179
201 145
153 86
62 56
249 74
302 188
280 30
27 304
77 155
126 185
210 131
236 25
129 239
227 147
324 303
15 122
41 174
244 24
318 137
4 120
261 156
324 103
217 171
3 247
314 61
62 285
219 200
275 129
242 101
150 213
298 34
317 177
264 291
33 268
69 11
219 121
231 46
223 236
84 19
212 72
108 233
146 1
186 152
101 267
124 41
293 79
116 275
334 131
134 300
29 308
121 141
73 96
3 289
312 18
227 340
34 54
187 105
29 316
178 99
326 171
115 251
345 309
255 224
93 197
7 96
17 126
145 65
152 13
245 240
156 154
122 109
251 28
179 299
34 49
25 127
45 4
246 218
120 170
12 290
179 234
255 233
314 214
80 61
333 293
249 269
312 32
77 149
167 162
7 238
282 302
195 86
178 130
215 11
114 154
4 282
278 233
53 95
228 291
288 136
180 142
328 15
327 41
57 10
168 3
158 332
174 334
87 162
325 83
74 280
168 146
150 6
134 273
283 60
132 242
281 70
63 282
296 48
314 307
306 217
309 124
292 4
205 187
189 193
118 169
283 132
212 146
235 210
163 305
131 250
241 239
81 262
190 160
306 315
145 52
36 144
293 244
135 299
106 258
31 159
234 41
52 70
276 131
321 81
217 96
343 181
51 233
126 258
224 312
48 59
35 240
129 222
335 342
339 326
52 63
1 337
156 109
286 338
159 224
235 51
260 211
247 278
232 85
77 296
97 39
151 326
242 261
227 171
14 207
52 6
2 344
39 253
276 145
116 27
261 323
82 87
319 93
70 107
17 88
4 48
245 63
11 46
1 294
234 317
144 120
22 121
83 125
270 205
201 297
300 343
301 95
45 141
92 100
263 90
39 257
277 22
280 219
63 240
156 99
324 23
135 290
110 181
148 293
5 183
154 57
120 212
157 28
233 91
222 119
90 254
262 116
342 139
255 145
76 35
287 5
130 279
258 192
277 31
136 103
194 293
217 124
345 20
118 140
139 99
124 104
297 69
136 325
156 339
51 114
126 175
302 161
252 206
67 227
326 234
56 325
259 299
190 255
120 226
211 86
50 232
268 55
237 192
164 96
93 6
11 162
259 6
45 52
101 87
174 296
44 236
155 275
144 213
71 95
312 129
95 85
208 50
172 72
293 315
125 104
332 83
8 190
246 312
246 237
250 224
42 219
121 117
254 204
315 149
207 99
53 191
5 60
207 16
215 80
180 97
189 288
29 343
50 279
14 181
235 117
150 291
303 153
58 66
205 305
262 184
120 247
147 63
6 262
322 171
199 243
330 59
264 112
137 198
46 264
2 265
283 272
35 339
219 264
335 44
233 33
155 4
202 233
208 240
19 239
313 91
208 143
281 130
211 138
165 138
94 224
44 103
19 220
99 324
172 195
178 150
17 28
186 314
25 108
227 232
155 327
214 317
324 216
327 61
347 220
62 186
176 95
33 109
142 242
308 161
243 89
44 94
121 130
235 134
256 118
7 300
246 81
339 164
30 40
270 140
328 179
19 140
130 300
88 222
70 18
181 53
95 46
278 79
242 301
81 274
190 140
85 41
292 206
99 155
124 84
68 277
132 156
118 301
45 3
304 131
14 152
35 53
166 119
198 21
202 256
29 122
232 122
345 317
128 224
77 259
276 15
100 128
105 219
81 98
175 338
269 286
181 7
300 78
191 114
123 335
236 230
92 168
256 273
133 262
53 193
233 6
288 343
200 217
294 200
315 53
6 139
154 256
282 310
33 303
137 155
330 65
153 3
233 237
253 317
201 271
64 235
28 66
212 295
216 162
326 347
224 290
6 130
179 244
71 322
223 219
319 46
144 252
307 344
334 116
306 160
72 35
1 121
338 209
47 92
185 296
174 266
306 121
78 283
284 170
292 11
239 337
21 14
324 278
90 92
218 9
182 51
55 291
167 240
155 95
295 193
321 177
174 269
56 101
14 257
183 65
298 131
227 59
326 317
21 23
4 49
133 339
195 339
249 305
15 21
308 1
128 114
183 41
58 255
132 215
71 297
1 162
300 207
94 272
5 257
124 82
288 283
236 193
164 115
310 246
111 340
204 26
153 198
189 85
340 231
73 323
31 114
331 118
207 230
122 266
140 157
199 55
21 25
46 19
166 279
285 261
323 110
33 159
272 203
48 143
251 199
342 242
272 346
285 25
64 23
288 186
91 248
182 108
292 47
294 319
25 167
342 43
55 263
136 333
88 70
287 101
53 221
297 222
12 188
269 96
309 57
272 27
205 318
99 145
300 22
92 293
204 7
333 90
85 260
196 281
192 286
272 313
318 321
210 16
107 168
182 207
240 322
40 127
41 202
43 218
216 235
311 339
333 194
262 198
150 230
50 155
269 176
173 223
345 240
227 244
235 116
115 340
207 250
190 262
228 93
14 37
125 241
92 247
241 222
11 123
3 280
194 233
239 102
45 30
84 15
72 132
325 318
92 95
134 255
210 238
322 330
144 59
109 146
292 67
99 172
5 343
75 159
204 44
151 194
231 272
328 134
54 161
241 49
65 195
10 11
303 313
70 33
273 311
93 174
207 200
27 267
206 319
90 108
145 271
165 137
172 45
189 154
131 134
115 13
84 174
105 231
342 185
142 266
254 15
169 246
335 287
247 244
92 250
220 26
208 135
99 37
136 57
91 75
169 55
43 87
338 243
174 117
30 158
287 190
285 205
58 207
316 145
335 162
263 268
47 35
12 199
148 60
59 36
226 130
228 226
331 62
22 214
259 224
271 39
168 166
261 29
172 35
249 266
267 298
196 169
162 9
203 329
276 1
29 130
54 138
343 70
76 99
84 35
113 226
144 320
152 301
279 250
263 92
142 253
121 147
68 91
255 301
276 8
63 345
299 153
173 53
160 214
41 136
116 1
101 110
283 327
324 54
168 5
188 216
27 279
236 331
267 158
234 199
144 30
343 55
267 239
77 140
300 224
268 313
110 300
93 268
81 90
180 346
203 30
41 335
27 236
29 75
335 317
296 283
334 157
318 123
319 331
103 85
239 32
296 170
158 94
179 256
344 182
39 201
244 333
319 41
164 240
330 216
42 334
43 27
117 48
283 169
242 185
321 270
30 253
35 242
237 114
316 76
317 314
173 32
79 138
245 67
76 37
158 208
75 121
123 341
166 227
99 265
26 107
51 97
1 319
55 228
2 16
226 201
209 7
65 333
49 11
269 123
327 126
9 312
228 180
109 194
256 335
113 135
207 128
234 210
230 180
269 167
72 82
56 236
327 156
238 212
283 26
272 222
152 121
245 164
318 255
302 149
161 288
343 237
164 158
3 24
9 289
67 247
307 251
52 240
238 223
22 118
28 325
14 272
307 262
83 303
272 46
310 95
211 186
134 338
174 69
92 131
302 308
73 39
280 153
293 324
185 331
41 78
42 68
315 110
120 6
10 109
161 75
37 154
59 101
64 104
12 277
180 268
178 114
170 307
175 70
195 329
94 146
6 275
161 346
185 153
4 326
61 172
64 240
300 318
204 290
131 66
180 148
134 189
301 270
158 311
314 36
23 282
98 258
27 223
120 235
267 166
268 40
257 217
11 221
178 240
126 223
333 42
186 88
37 140
186 316
263 5
114 42
67 301
50 335
142 135
207 18
172 208
338 159
341 242
235 301
326 51
221 263
242 345
79 212
335 259
302 184
345 96
3 125
149 6
173 81
221 41
121 237
342 61
202 157
204 54
152 52
203 17
275 229
314 264
26 286
45 29
46 270
70 47
329 152
257 53
332 148
169 270
195 101
288 231
240 192
331 155
279 326
33 194
98 85
216 24
128 36
136 164
108 237
330 179
209 216
228 76
303 169
18 75
74 188
260 327
172 46
30 148
293 212
190 19
322 187
179 42
272 294
220 100
111 56
172 263
250 258
203 117
28 120
49 165
161 22
346 26
110 115
294 330
67 265
344 44
245 244
340 24
18 155
164 334
239 124
155 133
66 143
31 53
144 146
302 71
159 145
119 140
1 19
310 7
258 57
98 143
119 46
177 175
178 320
136 287
138 111
254 195
185 200
3 49
19 314
199 244
248 115
304 133
305 220
325 198
188 194
29 120
212 200
140 93
76 181
23 240
45 291
59 81
202 11
280 251
318 168
284 22
323 191
61 217
95 30
173 267
301 342
290 210
240 227
276 152
30 240
6 137
335 333
7 224
229 80
125 340
272 258
300 176
50 126
31 32
183 229
22 301
159 214
87 180
289 229
109 284
311 154
207 37
62 295
295 6
154 228
285 294
267 231
220 208
275 167
79 31
7 217
83 216
193 293
16 239
167 290
243 97
304 170
27 228
200 271
71 23
147 8
207 34
283 15
123 153
232 67
179 78
132 227
13 235
198 41
181 239
41 303
9 310
215 50
326 141
39 86
117 56
172 104
339 114
309 252
26 104
118 41
90 311
180 79
78 241
279 48
139 136
175 131
131 105
278 136
226 185
88 138
253 155
148 281
62 329
215 195
217 224
308 156
237 210
336 344
100 222
273 231
275 186
205 122
100 272
105 190
343 236
226 176
161 109
327 7
261 218
279 303
212 242
340 303
70 240
268 326
13 336
225 48
30 102
87 115
16 200
127 136
136 106
330 343
140 159
254 222
315 310
176 16
331 119
270 307
108 297
78 91
223 45
173 242
345 227
259 2
84 245
231 326
90 329
112 214
188 27
261 187
279 204
63 227
305 228
240 165
78 51
297 153
88 77
47 123
196 233
219 24
243 142
137 208
226 321
12 190
163 58
193 89
284 176
12 269
3 159
149 100
260 185
29 57
123 194
40 264
240 264
328 103
79 89
122 67
185 161
151 38
82 158
156 211
234 101
37 139
133 301
265 170
252 221
346 7
1 61
345 325
327 301
337 22
246 72
196 258
17 46
310 286
259 121
172 283
210 98
318 131
252 214
184 163
278 166
247 301
148 195
296 332
179 25
270 271
60 300
101 254
69 5
328 129
217 308
311 72
172 342
189 310
64 198
251 229
113 12
39 137
263 122
85 118
325 114
309 131
188 174
159 330
221 82
162 137
126 118
206 318
263 280
36 217
20 115
221 195
222 211
153 35
65 193
66 186
252 228
168 43
288 223
48 101
70 193
167 179
78 129
245 293
30 36
91 54
329 263
256 225
257 149
205 2
153 36
299 197
11 329
142 70
76 305
82 21
32 124
94 238
242 152
98 245
336 221
320 167
265 87
178 326
239 14
333 117
256 248
204 179
319 55
98 24
110 136
284 234
128 322
165 185
5 320
120 278
319 258
322 138
269 92
3 48
79 176
229 190
114 238
24 261
62 171
201 108
215 289
331 134
278 52
342 181
291 171
274 346
241 66
166 340
282 298
266 32
141 10
202 8
330 69
81 103
319 37
230 63
326 153
320 285
48 178
54 258
216 222
288 251
291 278
118 197
175 6
311 5
17 108
224 157
117 275
82 288
133 212
118 306
120 77
263 63
230 54
88 182
291 330
327 34
331 39
67 170
14 24
36 13
57 128
4 214
344 324
196 128
129 217
40 343
163 19
113 58
3 39
280 202
88 189
144 255
208 6
328 33
4 78
300 63
339 108
235 207
146 235
147 11
260 298
48 63
109 317
342 122
142 327
184 4
331 314
132 236
243 172
136 231
41 225
139 227
51 325
326 130
167 28
210 180
32 150
237 216
327 161
116 321
318 107
339 226
199 284
56 86
135 277
304 202
303 258
122 312
150 265
155 267
84 72
31 30
254 280
39 78
314 38
265 21
122 189
233 86
216 186
255 228
58 11
121 233
297 95
196 121
262 113
265 102
160 156
124 197
343 126
38 294
279 72
7 199
327 113
258 197
43 243
61 240
13 109
57 51
166 128
150 21
68 24
327 328
57 156
48 36
174 179
48 13
196 228
71 146
77 167
259 28
278 296
316 91
279 187
66 69
13 21
107 198
81 341
281 216
145 344
284 163
80 115
176 17
228 30
59 153
334 198
248 206
220 140
331 294
259 5
228 220
120 252
204 242
122 272
196 52
324 1
170 305
69 201
27 216
70 227
118 181
99 295
210 299
175 49
216 62
162 70
186 320
333 47
307 278
220 58
39 296
192 86
103 335
173 83
138 247
151 270
172 68
12 80
214 330
81 329
50 285
115 332
156 44
232 133
182 194
165 266
241 329
39 289
84 107
313 181
117 237
54 59
323 70
53 300
94 45
278 308
26 277
46 261
140 301
14 185
253 223
252 104
114 35
206 126
317 73
245 231
63 332
301 177
326 187
119 48
96 29
132 75
48 293
221 32
5 340
202 130
93 102
333 66
316 158
84 162
148 61
96 216
87 36
239 290
39 129
248 282
194 170
323 338
143 231
127 34
23 312
318 91
283 87
67 258
215 138
310 186
130 235
99 328
248 103
235 92
180 190
109 240
201 279
116 166
118 326
118 241
249 262
124 149
36 121
296 177
113 16
346 193
294 42
264 105
155 135
232 136
341 5
17 343
127 67
1 224
96 34
188 197
152 227
170 270
58 213
265 115
97 118
43 267
320 46
147 281
111 72
207 307
83 257
300 265
232 239
327 47
76 288
24 251
215 288
309 299
93 217
188 262
240 106
214 45
308 34
61 152
105 223
196 341
269 84
198 58
258 231
194 185
228 296
176 318
215 328
109 219
255 12
310 100
169 337
199 224
237 236
239 183
99 170
177 223
180 124
168 294
64 130
14 255
126 21
274 24
275 346
166 10
318 284
327 338
315 279
317 7
147 5
280 45
94 90
298 10
154 192
101 12
231 295
196 347
252 168
1 339
221 333
3 38
188 122
63 192
86 212
162 243
271 322
113 138
339 111
286 255
219 136
23 338
189 70
283 1
68 305
2 20
222 22
223 172
193 316
345 54
187 129
85 81
66 232
302 249
163 232
110 172
147 162
166 151
60 59
53 84
238 208
256 269
171 290
227 276
47 97
124 207
142 335
209 4
338 87
30 122
116 202
71 300
60 67
217 117
1 222
302 115
305 320
291 254
128 268
61 45
263 203
106 163
80 164
301 90
103 210
14 268
202 84
189 143
48 199

282 172
44 197
197 194
176 198
198 195
137 199
199 124
21 200
200 9
70 201
201 121
97 202
202 10
136 203
203 164
83 204
204 159
93 205
205 129
195 206
206 188
16 207
207 103
17 208
208 111
128 209
209 150
1 210
210 40
190 211
211 19
167 212
212 23
190 213
213 157
70 214
214 44
107 215
215 102
92 216
216 31
50 217
217 69
144 218
218 130
37 219
219 47
33 220
220 74
1 221
221 126
179 222
222 30
43 223
223 139
152 224
224 166
14 225
225 166
118 226
226 11
79 227
227 165
23 228
228 153
69 229
229 190
3 230
230 130
4 231
231 47
184 232
232 62
29 233
233 165
158 234
234 21
94 235
235 46
103 236
236 7
158 237
237 180
72 238
238 68
184 239
239 126
54 240
240 189
163 241
241 84
57 242
242 141
45 243
243 93
121 244
244 84
140 245
245 93
152 246
246 170
14 247
247 113
83 248
248 93
153 249
249 101
105 250
250 72
29 251
251 61
184 252
252 71
57 253
253 45
118 254
254 166
75 255
255 185
88 256
256 146
139 257
257 32
115 258
258 108
165 259
259 195
124 260
260 147
121 261
261 191
20 262
262 94
98 263
263 44
59 264
264 143
10 265
265 84
15 266
266 18
183 267
267 140
141 268
268 20
17 269
269 187
182 270
270 159
66 271
271 157
8 272
272 64
97 273
273 164
130 274
274 32
138 275
275 23
50 276
276 121
21 277
277 72
76 278
278 114
77 279
279 135
172 280
280 157
179 281
281 106
150 282
282 85

262 164
112 181
181 48
118 182
182 125
151 183
183 74
5 184
184 168
173 185
185 164
137 186
186 169
15 187
187 1
113 188
188 35
129 189
189 157
46 190
190 176
119 191
191 38
84 192
192 36
117 193
193 50
97 194
194 1
20 195
195 115
149 196
196 46
123 197
197 112
77 198
198 155
125 199
199 47
73 200
200 174
180 201
201 86
34 202
202 167
129 203
203 126
176 204
204 94
126 205
205 41
180 206
206 148
113 207
207 126
3 208
208 115
158 209
209 61
39 210
210 25
16 211
211 117
143 212
212 167
13 213
213 168
122 214
214 167
78 215
215 116
43 216
216 38
40 217
217 176
80 218
218 141
38 219
219 176
74 220
220 2
175 221
221 98
128 222
222 34
53 223
223 101
27 224
224 94
66 225
225 105
148 226
226 159
5 227
227 167
146 228
228 45
169 229
229 28
163 230
230 72
175 231
231 100
148 232
232 102
163 233
233 6
96 234
234 62
25 235
235 72
85 236
236 39
108 237
237 54
80 238
238 115
123 239
239 54
66 240
240 26
159 241
241 107
98 242
242 60
34 243
243 169
89 244
244 127
177 245
245 59
105 246
246 47
103 247
247 120
153 248
248 121
117 249
249 168
135 250
250 57
133 251
251 142
93 252
252 29
49 253
253 67
137 254
254 87
130 255
255 25
144 256
256 109
140 257
257 61
122 258
258 77
148 259
259 16
176 260
260 156
92 261
261 115
120 262
262 162

255 188
76 162
162 21
5 163
163 68
111 164
164 85
18 165
165 4
47 166
166 28
125 167
167 93
84 168
168 90
62 169
169 53
7 170
170 138
124 171
171 142
12 172
172 122
135 173
173 71
128 174
174 140
136 175
175 135
71 176
176 43
68 177
177 117
97 178
178 107
80 179
179 50
58 180
180 47
116 181
181 65
69 182
182 122
8 183
183 18
64 184
184 4
33 185
185 128
26 186
186 24
1 187
187 87
161 188
188 78
144 189
189 130
92 190
190 142
161 191
191 63
113 192
192 5
30 193
193 133
66 194
194 37
9 195
195 76
124 196
196 152
33 197
197 153
92 198
198 67
149 199
199 158
91 200
200 11
146 201
201 140
48 202
202 65
105 203
203 20
10 204
204 20
86 205
205 10
67 206
206 110
76 207
207 111
15 208
208 55
47 209
209 86
32 210
210 79
34 211
211 43
29 212
212 65
29 213
213 78
15 214
214 22
32 215
215 46
157 216
216 64
83 217
217 123
15 218
218 111
1 219
219 150
112 220
220 9
1 221
221 109
86 222
222 69
126 223
223 62
17 224
224 109
84 225
225 27
151 226
226 51
70 227
227 73
86 228
228 34
24 229
229 103
82 230
230 79
71 231
231 27
74 232
232 37
114 233
233 113
151 234
234 140
14 235
235 146
84 236
236 6
47 237
237 147
68 238
238 116
154 239
239 83
43 240
240 10
76 241
241 47
32 242
242 21
80 243
243 38
35 244
244 119
39 245
245 101
121 246
246 46
66 247
247 9
100 248
248 49
99 249
249 11
30 250
250 54
50 251
251 83
90 252
252 145
134 253
253 86
94 254
254 19
20 255
255 91

263 162
137 183
183 26
26 184
184 24
172 185
185 15
37 186
186 127
3 187
187 108
113 188
188 73
130 189
189 169
139 190
190 101
56 191
191 166
103 192
192 6
118 193
193 175
33 194
194 36
46 195
195 166
100 196
196 149
106 197
197 51
42 198
198 26
31 199
199 116
181 200
200 17
31 201
201 158
6 202
202 90
156 203
203 147
163 204
204 67
162 205
205 167
166 206
206 163
39 207
207 160
73 208
208 182
84 209
209 121
14 210
210 109
174 211
211 70
59 212
212 167
150 213
213 41
63 214
214 141
165 215
215 26
69 216
216 8
54 217
217 93
54 218
218 134
7 219
219 28
123 220
220 159
159 221
221 181
63 222
222 96
121 223
223 88
52 224
224 141
131 225
225 2
117 226
226 143
58 227
227 20
134 228
228 70
172 229
229 85
118 230
230 20
41 231
231 86
59 232
232 38
76 233
233 5
25 234
234 173
74 235
235 149
30 236
236 95
103 237
237 178
75 238
238 4
77 239
239 158
77 240
240 34
133 241
241 72
133 242
242 94
166 243
243 73
5 244
244 55
180 245
245 89
51 246
246 83
79 247
247 66
46 248
248 19
119 249
249 88
145 250
250 30
48 251
251 151
137 252
252 170
122 253
253 3
161 254
254 147
102 255
255 156
56 256
256 33
77 257
257 73
62 258
258 153
105 259
259 115
134 260
260 23
26 261
261 27
143 262
262 58
74 263
263 180

250 130
80 186
186 136
153 187
187 113
96 188
188 180
129 189
189 26
34 190
190 43
179 191
191 58
101 192
192 91
30 193
193 183
65 194
194 81
129 195
195 68
93 196
196 118
102 197
197 44
35 198
198 41
149 199
199 144
75 200
200 149
175 201
201 115
79 202
202 69
161 203
203 30
133 204
204 101
101 205
205 73
34 206
206 29
31 207
207 85
161 208
208 76
29 209
209 87
13 210
210 78
170 211
211 77
129 212
212 151
95 213
213 16
94 214
214 44
43 215
215 151
34 216
216 150
126 217
217 144
126 218
218 4
149 219
219 81
158 220
220 57
118 221
221 106
147 222
222 104
124 223
223 100
38 224
224 7
22 225
225 24
145 226
226 124
49 227
227 39
148 228
228 181
120 229
229 175
159 230
230 84
99 231
231 135
24 232
232 172
20 233
233 178
85 234
234 108
83 235
235 161
102 236
236 165
158 237
237 64
97 238
238 98
177 239
239 19
43 240
240 75
181 241
241 123
102 242
242 156
104 243
243 128
149 244
244 157
48 245
245 128
44 246
246 113
147 247
247 173
107 248
248 111
22 249
249 1
121 250
250 118

277 176
70 190
190 103
118 191
191 109
178 192
192 69
181 193
193 131
145 194
194 34
46 195
195 78
72 196
196 46
28 197
197 137
71 198
198 114
71 199
199 158
144 200
200 32
76 201
201 54
139 202
202 141
180 203
203 140
54 204
204 27
32 205
205 152
154 206
206 165
63 207
207 117
70 208
208 178
183 209
209 16
130 210
210 50
4 211
211 1
37 212
212 44
188 213
213 16
159 214
214 33
80 215
215 113
53 216
216 121
96 217
217 146
142 218
218 85
111 219
219 112
75 220
220 73
71 221
221 126
98 222
222 25
137 223
223 27
106 224
224 77
152 225
225 3
50 226
226 156
42 227
227 90
131 228
228 25
106 229
229 8
65 230
230 81
75 231
231 26
94 232
232 62
145 233
233 16
184 234
234 74
63 235
235 75
21 236
236 188
100 237
237 86
181 238
238 113
110 239
239 130
122 240
240 44
92 241
241 165
83 242
242 63
182 243
243 86
139 244
244 54
151 245
245 181
176 246
246 153
15 247
247 176
69 248
248 127
182 249
249 44
117 250
250 87
121 251
251 166
82 252
252 38
28 253
253 110
158 254
254 7
130 255
255 58
26 256
256 175
48 257
257 102
119 258
258 170
167 259
259 92
177 260
260 154
129 261
261 130
56 262
262 123
47 263
263 147
155 264
264 67
99 265
265 121
127 266
266 142
172 267
267 108
65 268
268 145
51 269
269 56
95 270
270 85
184 271
271 85
125 272
272 133
185 273
273 139
18 274
274 3
47 275
275 25
129 276
276 43
107 277
277 66

285 202
5 185
185 44
173 186
186 71
157 187
187 66
141 188
188 105
103 189
189 105
178 190
190 35
65 191
191 140
144 192
192 183
88 193
193 32
93 194
194 90
158 195
195 76
124 196
196 94
79 197
197 67
68 198
198 55
149 199
199 165
171 200
200 79
24 201
201 11
93 202
202 33
21 203
203 143
38 204
204 109
44 205
205 81
141 206
206 75
2 207
207 157
36 208
208 83
110 209
209 164
87 210
210 157
85 211
211 40
98 212
212 84
81 213
213 150
164 214
214 3
19 215
215 106
134 216
216 157
74 217
217 51
20 218
218 158
34 219
219 32
115 220
220 44
109 221
221 147
149 222
222 114
35 223
223 138
66 224
224 103
128 225
225 22
176 226
226 143
1 227
227 58
77 228
228 153
124 229
229 53
98 230
230 47
176 231
231 19
121 232
232 67
145 233
233 148
16 234
234 182
160 235
235 37
90 236
236 132
7 237
237 130
70 238
238 114
141 239
239 88
164 240
240 155
31 241
241 140
10 242
242 155
41 243
243 76
93 244
244 36
77 245
245 22
32 246
246 59
159 247
247 165
78 248
248 37
148 249
249 181
115 250
250 47
37 251
251 111
100 252
252 88
36 253
253 98
110 254
254 4
104 255
255 170
50 256
256 169
155 257
257 127
32 258
258 151
119 259
259 48
142 260
260 121
108 261
261 17
5 262
262 61
49 263
263 178
44 264
264 162
32 265
265 14
28 266
266 9
130 267
267 180
148 268
268 75
3 269
269 23
89 270
270 79
177 271
271 58
111 272
272 14
127 273
273 139
94 274
274 169
7 275
275 164
14 276
276 3
169 277
277 145
50 278
278 137
140 279
279 80
124 280
280 77
73 281
281 120
130 282
282 17
114 283
283 158
101 284
284 39
57 285
285 149

364 1958
141 183
38 37
188 329
5 269
209 287
169 12
315 253
10 158
40 255
103 203
327 105
211 282
69 269
182 105
123 321
26 208
167 127
27 205
198 361
57 164
166 267
99 289
317 149
155 38
30 220
19 96
42 67
137 282
180 213
258 257
188 158
300 132
32 68
175 88
145 219
236 361
240 167
108 133
177 288
201 23
333 93
66 37
225 127
364 143
32 255
132 200
44 346
14 172
15 157
199 144
19 214
80 280
280 309
102 51
362 267
266 142
30 191
83 44
219 226
183 327
276 91
61 49
261 68
160 185
341 289
328 149
170 14
135 170
187 255
364 277
296 13
279 220
158 317
87 137
27 169
358 206
194 327
73 78
59 175
350 41
152 48
262 85
157 289
126 197
185 168
187 67
171 15
178 121
182 254
1 52
350 129
228 40
303 21
359 152
344 90
129 232
4 150
262 76
52 77
142 316
40 279
4 293
279 125
137 310
103 228
51 271
72 136
72 349
112 244
22 193
45 171
229 350
262 83
206 70
279 323
12 126
123 286
69 123
269 222
71 214
338 140
163 85
56 323
278 199
32 8
363 45
74 40
260 8
261 134
210 229
176 93
303 170
53 100
270 148
98 293
155 99
51 50
73 97
92 267
264 297
30 42
268 273
288 10
269 40
5 337
156 49
13 35
222 278
242 7
152 291
47 201
233 133
216 203
14 2
73 153
258 61
333 301
8 247
214 16
57 219
294 216
100 159
321 222
343 62
8 352
13 92
14 154
90 203
173 278
159 146
123 167
53 118
1 16
311 136
123 254
108 55
143 101
206 359
124 343
20 10
279 129
246 220
215 291
182 40
295 331
355 270
76 7
337 98
63 283
157 279
197 187
110 297
2 334
114 148
38 250
318 175
339 294
181 2
240 151
239 321
259 210
49 314
11 340
360 187
3 217
336 196
285 149
361 220
143 107
219 42
280 86
300 361
13 246
173 255
295 166
190 328
300 179
134 172
99 234
362 330
308 130
36 15
238 199
363 202
244 359
317 119
338 211
10 74
234 19
348 15
222 362
24 162
354 290
144 326
329 187
347 308
241 265
206 4
312 133
350 89
357 9
86 2
78 237
9 125
234 14
228 137
304 164
178 56
113 130
242 93
259 201
8 50
210 178
157 4
291 271
96 181
127 169
214 78
283 15
205 126
27 28
135 279
232 164
16 267
162 313
258 309
156 98
157 108
285 87
57 40
185 99
41 326
332 37
117 191
227 284
46 117
266 122
42 94
6 104
227 214
228 357
269 339
51 292
108 152
309 41
171 56
159 220
53 52
183 202
96 212
209 286
248 346
174 264
230 163
231 51
126 351
346 356
331 338
150 63
9 7
157 348
160 149
51 115
316 351
314 361
282 165
215 59
21 99
113 36
132 106
227 44
212 355
85 86
234 134
311 323
180 220
173 350
104 123
348 305
243 18
125 193
162 294
41 178
65 225
102 174
230 115
305 136
34 115
163 54
96 115
211 61
186 317
88 354
111 240
80 108
357 197
267 286
234 272
310 197
81 342
322 88
77 87
319 238
89 236
17 194
163 63
349 237
224 63
279 198
309 181
40 12
39 108
4 18
315 146
357 206
195 255
68 119
305 355
34 163
307 67
154 143
246 116
161 343
198 235
218 352
164 303
68 344
276 134
168 57
78 330
207 248
229 299
67 52
57 136
57 77
351 279
338 264
200 142
240 37
224 239
171 194
190 98
85 264
303 218
61 186
13 55
195 166
199 129
76 263
313 83
105 273
141 211
307 32
334 177
230 317
50 322
68 101
299 187
29 185
323 49
43 34
256 22
117 55
246 268
249 83
232 245
106 25
276 275
167 81
187 200
206 212
349 105
22 177
121 250
230 75
253 56
206 317
172 194
12 206
251 14
364 236
147 260
275 238
242 327
26 357
79 343
282 58
247 316
333 138
67 202
72 31
347 330
190 132
342 67
127 358
238 144
357 115
288 11
23 24
26 364
282 146
338 23
319 11
217 4
74 80
3 84
350 317
43 61
133 270
27 263
123 164
223 48
292 126
20 347
131 357
260 330
220 284
45 301
195 192
128 135
359 18
154 305
71 139
228 341
234 242
251 28
271 251
55 205
299 151
45 4
231 146
163 201
257 121
60 248
320 258
110 126
275 39
349 116
60 348
272 107
336 215
247 40
33 233
125 24
62 76
137 155
54 143
130 289
96 76
41 138
88 241
138 250
360 38
136 62
15 207
96 59
95 29
176 67
218 63
150 6
45 287
75 363
165 48
221 179
42 112
317 213
121 263
232 329
364 208
321 287
42 3
115 58
189 336
155 151
268 335
209 312
148 82
260 326
317 125
234 339
184 121
147 111
6 141
134 86
161 212
19 169
80 329
138 236
157 128
111 201
277 108
335 111
47 283
32 155
236 219
60 134
179 77
140 273
276 27
109 58
360 27
323 145
21 15
248 120
61 25
193 129
361 205
203 360
9 288
125 354
125 173
79 83
349 143
62 251
39 82
61 364
249 321
145 142
294 356
319 356
266 112
124 201
17 84
111 6
182 7
299 248
201 347
111 119
298 141
265 137
141 188
19 301
5 258
192 252
179 51
174 175
16 185
128 72
187 32
43 359
354 349
319 242
85 219
86 140
159 78
10 298
326 96
280 234
166 52
304 83
269 309
164 234
51 36
45 228
156 316
237 274
57 161
204 16
88 126
293 145
282 162
102 180
146 40
150 286
356 124
89 18
309 162
148 299
274 342
346 80
251 290
3 355
82 16
361 342
364 146
224 74
136 134
233 300
86 158
205 249
334 50
211 238
74 154
5 162
207 154
194 253
322 38
68 9
309 220
303 89
113 318
354 32
317 172
251 101
106 343
280 136
74 50
22 359
229 252
359 23
182 121
348 145
294 296
158 156
190 233
300 12
328 264
291 302
202 289
277 337
363 171
326 61
314 259
278 304
244 11
302 186
141 72
199 139
118 62
148 337
258 273
97 319
23 100
127 48
32 286
276 108
172 205
319 142
317 195
68 305
352 4
133 129
246 266
31 92
258 191
42 205
356 16
212 170
287 312
182 75
168 176
206 125
100 29
319 294
360 301
267 203
57 198
132 272
101 250
103 230
116 56
246 273
360 274
152 326
248 133
339 46
285 182
206 258
104 238
107 331
293 364
221 223
204 185
154 351
339 268
92 44
117 84
71 56
5 143
268 201
70 197
8 16
331 356
9 85
18 157
203 302
233 250
197 260
325 223
111 180
313 101
62 189
251 51
348 332
47 61
156 356
289 333
291 161
310 176
207 74
6 153
304 308
322 143
15 80
199 215
38 211
135 155
321 77
162 289
152 346
114 243
117 200
236 239
146 131
340 362
121 69
94 100
204 87
187 9
317 272
132 62
59 51
65 275
68 163
86 198
183 146
24 254
44 180
83 34
204 231
137 50
248 283
270 246
2 6
296 162
100 330
185 134
245 316
356 273
122 161
177 52
32 22
162 252
96 51
205 186
278 80
338 327
190 42
244 282
121 158
47 87
304 217
14 311
260 159
185 221
77 23
44 283
46 132
362 313
238 90
113 150
143 40
326 338
128 245
334 306
316 265
118 208
46 102
341 196
178 358
87 288
96 296
252 12
254 84
262 345
212 115
159 280
157 9
218 9
101 161
157 335
287 105
297 226
27 25
324 154
17 227
1 169
186 231
167 16
225 331
82 84
318 269
319 92
145 252
146 79
168 224
42 307
208 87
320 358
153 71
311 231
205 301
78 75
342 113
38 177
176 334
14 215
307 318
93 273
145 245
143 358
2 195
235 177
290 243
130 63
133 18
32 363
323 105
35 230
127 313
148 4
104 301
216 359
37 146
204 307
134 349
92 130
82 360
264 283
89 298
217 285
134 42
27 51
326 88
226 324
135 201
174 251
234 214
178 35
347 274
189 246
329 38
169 122
298 69
244 332
79 30
12 45
251 111
53 221
182 325
75 317
156 218
18 215
155 274
91 266
61 208
259 336
7 8
173 341
179 9
144 101
278 335
262 94
319 155
195 137
344 247
318 100
329 155
272 328
352 230
194 271
67 252
214 129
107 57
95 93
351 231
228 37
323 267
179 14
72 116
112 27
130 3
31 193
343 30
36 169
238 304
170 13
29 342
142 228
115 225
97 318
353 225
363 138
54 63
51 81
181 168
296 104
45 349
93 327
183 176
243 272
216 249
254 255
23 294
154 84
344 93
2 40
242 251
118 19
357 79
291 26
296 11
101 74
103 225
243 281
262 280
323 337
14 55
198 304
37 110
130 125
225 57
143 11
54 9
238 346
98 111
180 12
19 134
293 166
167 24
309 330
301 166
91 165
97 321
117 83
138 261
34 338
142 254
331 150
115 139
170 280
28 238
195 221
31 355
200 165
257 290
261 62
293 114
42 20
137 293
267 19
164 220
330 164
43 63
190 290
193 49
212 192
363 353
237 253
8 250
358 233
140 52
169 73
198 204
293 168
153 48
192 21
228 294
140 205
349 193
24 248
61 333
340 260
324 94
210 284
309 153
2 157
208 4
6 331
355 266
312 34
318 216
326 8
353 174
176 315
34 342
307 150
168 5
314 108
263 85
122 155
267 158
213 212
349 75
193 188
232 316
160 291
146 321
104 203
162 138
346 223
54 132
294 88
150 358
354 303
193 107
304 178
175 346
93 189
331 37
188 215
171 105
121 44
212 221
50 208
331 178
8 148
315 220
342 109
272 233
292 228
281 77
356 281
284 46
108 183
6 18
339 304
250 288
15 352
27 229
228 21
67 346
49 251
141 224
239 184
296 258
132 339
98 146
177 212
160 305
288 358
59 232
189 271
136 229
83 222
231 291
224 24
22 335
230 34
160 106
326 140
106 204
3 187
119 293
49 297
140 64
128 306
331 160
25 256
153 251
316 257
357 54
251 66
269 234
78 213
167 320
335 148
282 256
268 294
346 168
112 160
205 211
49 100
250 306
324 42
254 175
59 280
211 69
85 41
216 184
57 149
348 105
118 82
328 197
285 68
222 172
84 85
158 194
142 56
290 330
268 324
205 274
225 9
44 144
362 162
91 343
296 247
40 305
319 252
58 134
89 158
270 69
271 308
224 45
133 307
301 231
304 85
286 325
1 43
257 65
27 193
177 298
346 355
44 30
86 42
182 323
347 119
339 331
15 139
329 203
183 175
77 51
187 168
229 200
288 187
143 184
123 62
291 342
172 83
357 217
181 299
255 163
97 65
27 119
339 252
330 12
276 192
335 169
62 10
86 156
125 260
271 314
166 36
41 192
357 268
73 247
105 121
141 310
240 42
99 298
66 33
137 108
204 151
226 228
209 100
282 178
105 155
183 189
168 53
132 91
133 302
331 237
115 136
315 346
267 223
310 211
334 352
156 186
158 7
341 301
293 138
24 103
134 28
157 213
251 237
96 160
329 254
21 203
17 262
327 225
3 138
169 195
188 361
333 261
151 258
45 198
266 181
286 48
342 61
256 99
169 108
99 344
299 16
190 97
215 107
180 63
346 246
60 130
125 211
65 201
35 27
312 297
163 258
145 53
134 305
46 55
357 253
30 173
267 205
361 250
234 264
53 143
41 2
138 115
319 177
216 24
142 256
257 320
279 121
265 256
252 235
217 63
110 249
111 160
226 301
149 8
97 335
227 114
192 176
212 262
316 337
9 193
360 278
267 194
331 353
245 235
174 226
12 201
93 277
264 96
270 58
26 147
248 287
138 258
289 217
183 310
57 60
151 297
215 129
75 140
275 139
95 193
153 189
10 171
321 217
14 345
15 85
134 248
360 59
216 288
87 56
273 306
312 318
169 174
45 153
357 135
303 191
161 47
289 210
200 94
237 327
76 190
116 357
336 211
266 169
237 141
312 125
282 290
233 336
114 158
227 24
87 166
364 54
292 96
223 242
335 2
85 321
181 355
238 364
241 67
356 276
268 259
89 183
252 325
35 175
274 35
9 259
120 69
83 187
302 230
52 359
325 282
257 106
226 260
320 284
213 207
252 126
128 302
3 212
350 104
195 179
68 67
164 276
256 93
18 270
105 194
110 301
204 223
260 89
226 287
48 168
122 163
67 171
231 18
225 93
151 333
235 356
274 130
78 231
282 319
174 257
45 144
183 77
204 265
25 87
104 289
258 106
327 235
266 250
125 79
142 215
255 330
309 243
58 120
277 303
125 362
29 244
216 90
208 34
110 332
317 313
337 80
101 55
11 275
109 55
112 170
225 304
39 197
256 329
188 230
259 179
47 301
213 218
56 230
298 154
32 351
145 27
184 75
296 153
353 344
136 237
338 89
157 254
125 170
270 120
71 306
2 343
41 235
188 14
104 157
321 32
290 135
209 288
192 248
212 318
230 181
44 202
223 259
156 344
86 25
98 20
175 136
60 88
118 281
304 95
19 302
296 361
314 39
351 310
99 124
190 240
264 135
85 49
73 172
237 203
182 3
166 274
121 292
334 261
264 278
13 133
60 224
227 252
212 27
159 75
221 339
193 79
232 62
46 17
307 112
333 166
172 228
84 134
33 157
15 101
189 274
45 56
195 42
53 323
3 9
150 91
298 269
262 202
235 161
73 94
157 337
50 301
106 363
208 279
226 234
109 20
65 150
283 219
232 44
288 179
253 191
272 29
40 9
207 103
62 357
175 78
342 32
262 92
83 26
362 47
17 53
128 80
280 139
14 177
346 148
329 244
349 340
187 185
230 304
102 52
105 108
92 250
167 55
5 355
189 6
124 133
71 230
246 72
123 72
342 170
181 173
40 217
314 270
348 244
88 134
27 319
65 96
304 114
328 120
312 146
355 235
105 106
273 44
238 334
292 213
293 33
95 318
337 15
229 9
177 19
287 82
129 336
227 255
286 74
231 362
37 189
277 57
43 107
202 350
276 118
297 175
227 151
66 11
29 181
358 85
86 78
291 32
217 320
131 16
298 182
136 52
166 231
224 258
317 92
104 66
34 200
71 205
147 78
154 299
229 59
215 120
184 201
114 310
40 85
176 264
179 334
5 310
79 339
340 359
320 304
266 62
196 358
15 84
255 208
291 10
305 218
164 297
162 238
299 266
24 318
299 75
23 335
6 342
29 239
285 346
328 302
128 155
243 208
231 313
344 163
349 281
80 344
137 300
283 320
339 287
325 197
236 288
187 300
351 186
184 309
193 185
29 232
105 79
95 310
47 51
331 81
231 135
110 154
276 307
226 261
62 338
210 203
232 100
161 56
128 303
148 245
88 69
4 239
100 344
341 362
363 238
73 279
3 356
280 84
7 276
335 187
84 204
139 356
89 191
107 296
272 259
293 269
62 99
79 134
207 183
282 26
77 357
146 295
333 136
123 131
343 83
56 72
292 297
99 362
93 259
39 203
186 269
169 307
48 209
106 107
287 359
90 161
21 331
152 260
326 337
219 137
77 299
242 183
334 234
45 269
266 74
56 149
180 65
7 209
356 258
364 194
181 31
270 31
25 200
49 242
177 261
215 197
163 291
352 75
196 313
100 362
246 130
156 241
347 147
210 28
357 278
303 243
348 178
61 360
335 121
10 150
162 61
71 149
3 320
100 174
338 81
159 77
23 71
207 282
53 171
140 225
53 54
148 289
97 196
279 302
300 36
333 172
189 82
82 364
121 191
176 233
160 344
220 4
248 54
133 214
307 264
313 49
171 63
305 226
14 76
25 360
333 287
177 296
216 136
258 153
310 204
95 240
213 298
235 312
143 83
129 331
203 275
295 233
340 88
51 304
342 241
186 255
225 339
355 102
361 115
79 281
176 8
340 129
362 325
235 160
143 43
312 109
298 64
154 134
160 161
139 96
327 186
119 41
23 82
27 288
57 70
39 114
285 355
272 173
110 61
96 342
22 25
261 69
5 194
341 247
344 250
53 291
311 117
297 196
205 242
190 316
164 221
114 217
184 190
139 298
343 309
168 198
314 45
44 118
283 64
53 187
113 299
277 349
150 197
8 276
155 10
247 117
268 363
198 236
225 245
123 56
288 83
162 203
204 102
109 150
259 323
297 20
6 363
260 360
68 123
269 166
129 294
292 214
242 255
280 107
200 258
227 254
101 78
76 116
173 98
193 35
211 316
217 165
146 155
37 269
260 151
4 156
64 276
121 357
149 336
108 239
133 263
138 281
361 80
287 301
239 147
295 349
25 137
44 99
123 276
136 202
232 338
217 328
219 124
40 207
80 363
155 142
239 363
143 298
255 17
313 96
5 309
136 60
211 151
176 83
14 61
146 141
331 139
167 218
293 68
128 133
45 320
66 26
342 258
287 72
162 124
201 143
84 342
150 336
319 54
74 93
44 194
227 98
231 118
317 222
87 66
183 96
103 265
344 286
355 190
196 12
54 102
74 215
256 286
244 272
263 238
176 208
242 282
103 177
226 53
202 9
186 207
132 135
243 329
281 241
170 353
364 47
5 230
316 202
84 350
343 85
42 125
62 257
246 190
363 126
237 14
147 295
139 244
90 167
325 257
223 92
42 208
212 291
47 281
327 359
246 6
329 346
112 38
310 153
132 230
297 244
316 176
7 268
66 126
230 95
158 93
363 119
91 106
182 274
222 190
162 326
198 71
347 309
207 191
209 308
295 23
124 65
287 247
272 84
93 36
104 173
12 14
196 307
160 308
276 32
81 73
49 96
22 317
364 20
274 300
84 363
180 73
346 260
112 133
277 259
100 160
157 252
105 116
16 223
307 317
184 251
294 178
103 298
9 142
29 83
318 279
214 284
74 313
153 308
64 292
318 19
340 228
215 178
315 85
321 142
325 340
346 190
201 350

274 174
60 188
188 69
114 189
189 109
6 190
190 170
76 191
191 184
172 192
192 151
1 193
193 11
83 194
194 20
152 195
195 31
186 196
196 178
173 197
197 95
182 198
198 108
135 199
199 24
63 200
200 154
96 201
201 158
75 202
202 6
184 203
203 102
27 204
204 121
104 205
205 146
2 206
206 47
129 207
207 15
12 208
208 156
56 209
209 6
160 210
210 127
29 211
211 121
127 212
212 107
127 213
213 166
38 214
214 8
18 215
215 165
164 216
216 48
162 217
217 143
99 218
218 16
132 219
219 126
167 220
220 186
105 221
221 34
131 222
222 10
145 223
223 33
81 224
224 140
178 225
225 30
52 226
226 173
37 227
227 74
53 228
228 124
162 229
229 182
84 230
230 114
12 231
231 123
56 232
232 99
182 233
233 40
36 234
234 130
123 235
235 64
145 236
236 135
179 237
237 82
122 238
238 43
1 239
239 42
158 240
240 56
118 241
241 21
187 242
242 32
152 243
243 142
33 244
244 168
11 245
245 174
29 246
246 78
28 247
247 56
78 248
248 103
95 249
249 20
150 250
250 139
67 251
251 145
59 252
252 28
86 253
253 20
174 254
254 77
131 255
255 35
117 256
256 183
59 257
257 12
162 258
258 15
118 259
259 28
180 260
260 144
187 261
261 87
122 262
262 127
117 263
263 170
158 264
264 147
64 265
265 119
141 266
266 35
84 267
267 117
123 268
268 63
178 269
269 79
85 270
270 162
152 271
271 153
42 272
272 46
53 273
273 11
87 274
274 82

351 1634
129 26
169 227
118 142
30 287
253 3
221 122
25 279
317 156
232 145
123 31
214 257
54 222
325 349
18 225
60 81
135 204
301 281
230 202
51 347
170 311
54 87
110 48
332 90
336 157
220 141
221 313
137 173
249 176
324 243
223 303
207 235
253 164
236 156
79 280
281 337
278 246
271 97
277 330
229 28
159 1
180 45
143 91
273 200
154 181
323 232
294 108
1 58
42 275
198 347
291 154
113 127
41 189
199 32
72 303
109 11
43 222
211 250
51 174
120 202
18 93
260 162
194 241
52 215
183 348
69 26
35 134
37 33
102 82
188 34
133 276
165 131
279 330
65 23
99 349
223 40
47 16
160 183
293 176
296 108
102 85
14 129
326 184
198 317
127 36
205 293
178 36
189 22
27 167
283 81
36 116
95 220
158 116
124 247
58 168
65 199
138 192
35 5
169 161
268 120
57 97
114 82
248 138
197 63
338 135
85 292
106 276
53 262
130 155
210 77
72 182
2 276
305 304
147 232
78 31
351 199
117 192
199 324
299 175
66 27
342 259
130 297
213 73
344 280
307 323
41 344
175 312
3 228
39 7
44 82
28 225
239 17
334 330
252 329
15 95
338 8
102 113
341 13
330 171
188 221
336 62
262 257
207 80
220 221
149 258
227 181
293 127
344 172
77 96
283 347
86 219
252 10
144 328
39 164
336 53
65 92
316 37
277 282
263 230
30 328
17 98
238 330
274 339
94 80
81 205
172 343
179 242
111 89
96 89
223 206
23 61
153 6
136 74
28 40
302 236
82 211
93 185
317 6
210 192
28 95
67 345
33 12
198 267
92 188
93 42
5 238
271 121
112 39
78 234
119 113
284 42
291 40
21 159
66 293
247 173
104 325
14 118
97 183
317 330
140 69
33 5
34 141
36 54
78 237
331 70
206 156
6 9
300 161
83 77
154 49
65 39
345 284
54 67
188 299
10 237
145 24
278 284
200 322
329 212
203 168
245 72
45 91
59 284
206 22
284 273
186 179
170 152
334 250
102 301
157 323
200 250
134 61
178 91
255 91
222 351
62 228
282 205
92 204
340 298
196 87
147 32
4 180
189 80
27 125
339 242
213 303
180 88
214 235
300 255
155 209
29 333
297 259
181 104
166 185
11 333
216 138
142 182
236 53
58 27
334 275
38 342
225 224
250 216
158 161
181 192
281 167
135 196
18 104
202 162
105 116
140 96
159 339
308 116
206 289
291 101
208 266
209 103
304 232
305 129
53 329
8 15
200 56
163 140
99 148
192 199
286 202
75 344
101 201
139 337
200 278
330 51
44 338
180 164
255 127
350 321
9 321
148 199
279 332
184 72
55 272
239 247
103 258
127 169
187 261
314 67
182 74
147 212
131 270
81 246
172 203
210 274
136 161
11 348
300 70
68 171
37 186
149 11
133 284
173 298
290 179
18 76
57 95
10 210
270 277
311 45
280 116
196 200
15 67
20 126
149 350
25 109
214 316
90 198
350 225
223 125
67 202
167 223
333 307
121 131
195 219
220 318
76 27
224 244
148 303
210 260
187 105
284 172
305 166
202 109
113 235
115 251
337 341
53 108
146 139
242 151
333 300
67 269
180 97
128 135
292 205
22 50
271 251
246 218
346 5
86 206
38 45
258 130
303 187
305 296
287 285
109 301
93 222
242 142
275 315
10 207
28 226
13 317
52 179
272 249
220 268
296 186
18 142
192 106
289 239
167 202
257 47
249 278
136 266
173 48
193 303
16 288
15 167
147 288
205 42
253 318
240 136
21 253
42 146
319 116
176 122
115 127
333 140
133 63
107 76
269 250
164 272
347 16
294 194
42 123
98 12
178 307
116 21
250 290
57 20
169 344
43 25
207 176
152 250
346 304
274 254
171 327
179 250
91 108
20 32
14 119
82 18
200 126
117 172
321 257
339 222
341 206
306 301
249 154
179 268
148 67
236 263
182 154
24 217
79 262
197 124
308 145
310 254
297 91
298 107
344 26
243 182
119 70
220 81
21 347
194 298
140 229
178 48
142 58
350 185
27 246
190 92
123 171
323 102
237 95
148 123
301 88
326 96
280 290
236 168
297 52
157 21
126 348
1 70
341 122
153 259
227 260
339 202
269 23
259 1
102 180
324 246
16 207
68 153
198 174
3 4
258 260
60 83
48 240
212 150
135 195
254 265
290 350
4 110
133 335
73 89
98 179
213 311
179 174
1 261
330 14
149 304
318 146
84 241
139 179
103 194
164 137
185 4
64 109
122 287
351 255
261 200
7 9
264 185
319 267
219 338
276 94
337 24
345 232
220 134
202 52
333 44
121 319
329 247
203 87
331 26
319 126
177 241
230 294
29 53
142 129
53 191
129 297
262 80
342 151
173 136
340 105
107 174
346 144
187 189
243 264
303 153
57 76
8 221
144 82
237 171
276 108
297 161
264 310
29 191
78 291
211 331
123 61
35 25
24 294
111 38
305 259
105 110
182 308
143 3
82 253
310 234
159 16
27 264
320 318
312 157
268 210
77 233
40 203
59 44
189 331
279 116
162 216
264 213
320 164
50 190
131 140
209 42
295 188
78 308
339 277
290 284
257 26
230 340
128 233
81 38
347 322
258 59
115 107
100 10
179 112
238 152
152 14
163 123
25 126
66 136
38 34
198 21
64 94
230 335
253 81
249 269
22 91
81 267
320 178
227 325
305 70
16 298
252 13
90 162
114 234
208 107
323 330
95 173
203 20
302 265
213 263
140 41
343 89
146 320
37 100
117 278
173 47
85 317
231 306
14 300
72 275
112 186
222 179
133 215
108 206
186 189
335 97
33 9
129 171
27 154
304 330
345 184
143 117
208 315
7 272
52 49
254 45
129 172
69 153
70 126
198 67
38 87
154 45
310 237
293 107
95 147
251 74
60 217
7 212
212 12
12 225
147 305
33 328
42 242
64 11
63 205
285 67
143 165
18 11
38 78
205 172
49 298
71 114
48 51
112 16
232 191
31 29
14 127
289 25
166 138
11 273
325 54
258 17
81 165
173 130
16 67
126 162
248 44
102 187
30 121
198 37
164 157
55 19
120 102
20 134
63 166
235 32
145 245
257 73
336 19
67 334
157 27
274 290
209 152
12 63
15 18
181 331
310 316
168 261
62 27
300 335
346 189
3 30
120 109
193 73
230 214
105 306
312 244
257 66
35 286
54 83
293 15
195 155
185 324
192 45
246 144
103 196
163 51
37 155
193 66
120 227
266 155
340 134
277 334
244 332
272 194
222 241
266 128
342 320
180 208
92 114
225 343
133 294
325 153
53 4
281 342
122 69
56 118
191 254
172 290
121 318
199 141
273 350
180 149
351 86
304 121
208 104
189 8
118 150
67 298
345 327
113 310
294 184
315 5
133 118
105 12
113 205
267 68
53 22
225 47
241 175
58 257
349 311
150 328
48 339
69 349
141 64
90 303
281 184
23 350
228 43
344 93
285 97
210 272
231 272
31 183
287 89
127 195
257 158
221 197
66 188
197 273
54 336
42 181
122 304
51 116
217 218
312 13
350 30
279 6
210 267
104 239
31 267
60 151
78 306
180 326
309 102
12 302
89 127
109 313
21 72
321 297
38 275
79 56
231 262
89 166
307 96
295 185
210 72
344 276
108 277
44 199
27 281
231 228
220 311
9 93
217 341
223 220
299 49
119 31
50 79
13 89
242 61
23 128
61 333
344 27
198 138
19 44
117 268
205 180
266 34
170 342
181 149
75 82
241 283
168 5
188 258
171 314
190 191
173 157
250 71
233 5
103 214
291 174
347 29
297 142
322 158
223 194
282 237
50 65
17 325
115 263
320 274
54 125
186 45
232 291
195 268
13 301
346 311
237 121
137 139
302 128
250 177
181 231
198 64
1 207
187 305
56 222
76 161
81 170
11 131
310 296
301 18
191 321
231 291
268 303
198 40
1 343
208 194
231 176
341 37
141 136
309 76
131 315
266 228
340 280
90 93
83 118
29 206
268 156
77 183
98 28
157 255
146 61
299 18
171 140
223 78
278 122
216 99
88 312
8 132
318 108
285 306
51 102
180 85
200 246
61 129
157 248
234 147
236 179
110 187
310 347
213 23
292 137
262 106
219 11
348 96
131 199
80 152
12 143
331 105
26 162
140 158
71 107
206 28
235 169
92 131
148 157
160 349
218 146
52 29
188 26
64 104
229 200
50 23
323 143
92 235
172 83
219 232
239 229
99 218
334 278
336 145
27 119
191 285
197 230
293 333
317 343
83 131
230 118
307 161
103 333
109 347
231 220
103 23
291 153
239 226
242 207
38 332
61 165
195 25
42 217
185 124
250 23
340 322
34 190
240 33
5 58
124 313
12 35
79 325
121 124
333 250
268 222
285 98
102 257
297 167
229 10
305 39
221 203
137 196
48 340
67 48
234 86
328 239
110 246
113 197
23 127
281 191
235 253
91 272
74 181
168 11
117 241
155 105
257 265
288 310
56 157
292 211
14 335
163 215
2 286
259 245
8 126
247 288
145 187
58 82
242 96
206 74
46 62
274 167
210 264
287 254
20 24
17 163
213 129
222 275
314 80
278 74
295 166
48 140
159 325
25 345
166 293
195 109
323 32
204 178
138 247
15 250
167 64
115 307
152 295
129 70
186 17
2 248
217 299
115 26
171 348
68 279
112 142
40 187
173 76
322 316
135 16
212 200
285 238
23 325
244 278
283 56
228 55
37 121
171 341
11 84
326 9
347 180
337 299
246 208
101 159
162 227
236 286
273 300
209 196
300 72
186 35
4 238
80 55
193 179
108 42
201 211
292 289
94 109
136 248
318 192
16 326
93 267
203 128
259 73
9 260
323 164
145 338
301 335
139 67
76 171
5 225
47 81
250 79
260 228
126 143
310 155
242 270
134 85
282 319
231 293
26 335
24 206
23 174
157 14
275 63
331 170
61 29
26 97
170 211
104 171
50 270
127 268
126 1
145 332
34 246
99 78
304 48
216 178
306 345
217 159
331 163
260 272
265 126
178 287
78 241
133 191
193 311
30 116
206 254
243 291
6 13
85 71
107 102
110 177
26 192
49 244
43 56
223 259
227 283
338 193
16 69
238 275
41 67
277 162
245 163
100 173
155 199
176 320
177 86
14 270
199 171
164 159
265 142
253 148
5 180
116 156
117 10
57 157
10 144
222 5
153 117
287 6
178 38
108 350
129 29
203 50
194 230
194 25
18 331
241 18
24 19
244 57
83 326
183 179
307 270
19 207
209 250
301 223
19 316
333 281
243 203
323 287
312 108
117 338
47 123
51 124
143 89
111 30
49 54
125 259
328 251
349 347
318 303
284 176
214 140
26 36
47 147
93 28
280 28
261 70
341 232
35 159
229 106
82 158
137 262
83 139
25 122
127 167
349 233
60 124
214 135
141 221
307 214
145 282
108 12
172 66
135 78
250 20
275 110
333 81
245 330
231 284
82 153
118 63
159 47
99 48
227 71
309 186
148 195
169 194
156 259
13 284
217 206
206 166
14 131
180 175
187 183
44 212
211 134
286 169
236 339
240 193
330 280
3 242
199 340
312 8
82 248
318 34
305 95
256 234
322 208
14 138
283 167
266 213
58 83
97 244
134 297
320 160
13 270
114 171
142 153
272 136
54 15
119 154
157 270
307 133
205 328
315 264
134 145
277 67
194 164
72 3
167 219
236 95
123 182
256 73
308 255
174 234
176 144
187 109
351 44
189 321
227 18
266 241
48 132
57 109
186 30
98 140
226 40
245 311
319 175
205 52
244 113
229 190
180 342
92 61
203 98
219 162
333 289
8 227
168 96
68 69
199 312
2 10
257 306
229 86
174 244
89 182
147 287
136 65
196 129
18 29
329 139
111 199
115 256
248 309
301 341
11 6
302 86
213 206
288 251
142 202
280 37
201 210
292 290
57 232
249 139
47 56
106 209
252 349
104 348
180 292
126 103
258 144
42 325
8 2
285 255
288 242
290 234
148 252
153 239
174 151
124 184
228 276
241 124
315 79
139 157
112 180
185 226
41 248
66 295
88 189
215 351
147 154
47 86
23 169
335 107
211 185
8 155
197 118
57 137
98 144
315 231
12 13
71 167
238 262
240 97
6 120
229 65
67 122
25 95
145 62
122 42
350 260
264 154
263 66
288 256
292 133
5 210
302 289
105 43
53 198
132 235
279 51
269 121
15 190
332 274
138 321
104 198
205 279
298 273
288 29
174 57
139 105
243 13
321 286
28 178
209 126
303 267
214 265
110 206
165 278
150 256
264 57
180 312
346 32
38 127
333 219
102 343
286 211
309 274
274 289
94 166
335 247
103 123
34 11
238 283
61 152
28 327
11 313
87 227
168 209
333 212
25 163
117 18
283 125
213 244
179 60
273 71
188 310
81 351
302 314
285 258
180 37
100 263
63 157
91 76
129 321
138 183
50 21
324 1
44 128
118 155
265 8
318 349
64 97
83 319
84 108
196 51
57 70
281 347
218 243
93 27
311 196
338 162
135 225
39 158
346 226
113 120
293 143
344 308
131 77
60 125
279 221
228 81
139 61
249 106
112 340
238 169
233 59
238 324
55 278
275 113
95 239
118 4
89 258
68 313
38 325
78 220
85 251
344 315
254 104
40 105
227 70
101 283
231 253
297 20
52 221
153 168
194 122
109 121
215 101
149 343
299 214
176 283
1 118
281 189
184 282
311 162
43 90
320 170
174 110
345 342
202 148
75 144
154 289
137 98
240 283
114 316
172 266
282 141
217 61
112 234
257 12
89 123
349 100
95 181
80 77
26 57
285 178
206 262
337 120
66 3
47 39
105 228
162 101
172 257
119 10
295 16
227 125
190 137
273 22
313 322
136 282
339 168
127 242
207 298
155 336
250 267
234 65
326 172
331 51
95 42
267 101
124 61
110 120
313 218
100 54
28 224
286 18
7 236
192 75
240 256
257 230
179 351
180 343
236 289
242 56
278 90
262 256
215 288
255 345
314 211
271 94
240 125
312 351
278 226
300 256
58 138
90 265
233 121
172 12
211 27
248 20
220 64
224 13
187 115
113 58
66 150
290 293
259 216
45 130
194 137
329 28
70 208
332 63
120 300
322 101
160 317
145 47
55 350
94 90
316 176
154 279
298 157
265 300
158 236
142 42
253 306
294 284
110 20
151 324
262 132
33 247
83 227
305 109
342 289
91 269
155 309
160 109
313 142
89 55
48 88
67 324
145 136
255 136
114 98
232 276
342 11
215 181
3 346
88 228
119 68
319 203
343 209
55 295
318 305
24 300
7 32
67 128
186 234
311 227
31 224
19 82
294 232
67 107
123 6
106 50
108 159
146 51
185 244
22 204

394 1594
200 2
91 238
273 263
310 91
278 354
85 339
217 239
334 267
245 372
103 122
178 194
53 215
221 288
59 240
63 290
11 312
250 208
92 120
259 172
279 177
66 264
358 338
111 232
115 182
48 77
104 122
313 274
193 367
142 288
75 312
275 279
239 78
30 111
258 257
259 149
151 387
313 170
354 179
339 16
340 319
342 47
368 123
298 65
117 139
355 74
236 66
247 381
267 238
206 339
356 302
19 214
183 161
189 154
391 84
50 13
109 344
317 54
135 83
250 11
359 106
206 299
250 122
126 194
163 84
329 361
250 348
237 359
348 366
375 178
51 223
159 326
236 33
100 251
365 9
367 144
318 332
86 173
253 265
331 22
350 246
132 77
354 237
231 252
324 127
309 51
145 273
382 269
77 353
259 322
11 103
191 164
319 19
243 246
176 141
91 58
365 145
150 332
63 335
358 35
111 164
332 151
136 15
327 219
129 112
113 331
42 268
337 245
356 236
49 374
120 150
222 70
17 30
65 360
164 347
369 49
77 124
102 76
67 58
81 394
63 14
60 333
116 207
13 268
52 172
55 380
382 351
321 118
324 197
273 318
2 276
385 79
189 183
211 150
357 342
378 240
109 128
277 271
213 375
106 300
347 10
97 124
297 159
83 193
29 133
303 346
124 344
183 106
90 260
109 232
134 142
111 288
62 305
358 237
30 350
309 338
148 80
313 330
5 4
99 377
389 298
105 213
107 233
386 38
316 27
338 8
283 322
90 271
37 351
222 256
372 223
255 344
170 189
244 164
198 168
201 47
129 205
215 1
363 120
203 140
65 163
36 334
57 28
270 328
313 235
272 246
220 257
221 141
346 219
383 114
354 192
131 119
80 328
153 6
376 260
363 14
326 150
154 47
393 59
236 218
311 151
9 235
211 35
86 11
162 46
329 345
65 375
32 34
73 352
315 303
284 200
362 181
200 125
146 284
384 140
54 251
391 229
363 111
329 211
285 212
226 189
139 229
91 300
131 319
159 383
253 112
21 359
314 244
111 7
132 213
299 332
215 335
247 372
325 160
18 127
131 292
4 62
42 137
376 392
165 77
94 189
243 15
390 56
249 308
9 85
122 335
218 140
364 163
55 249
240 168
333 2
99 387
36 282
370 9
120 107
360 15
15 379
96 212
242 79
23 182
323 274
143 39
263 195
185 326
4 347
279 67
258 10
44 244
27 340
283 206
283 309
286 329
272 34
148 298
353 73
327 142
350 53
152 220
33 146
345 224
110 367
152 75
250 216
148 322
44 243
175 264
129 132
295 275
394 32
75 304
241 8
114 278
95 264
354 361
74 53
55 117
239 264
189 153
162 381
127 8
94 270
97 237
353 91
125 98
202 151
330 381
370 331
278 320
161 343
182 337
258 353
226 224
279 110
212 51
184 159
77 29
347 359
187 356
67 273
270 267
9 35
328 19
89 256
218 363
300 227
283 217
325 304
109 3
202 112
114 206
46 378
67 271
42 258
101 362
81 246
47 19
268 284
219 299
109 122
195 11
199 126
272 5
388 366
383 195
119 109
344 209
235 287
300 209
135 351
125 292
167 78
188 49
118 333
193 58
194 168
35 350
93 204
388 341
129 310
353 301
249 236
47 33
291 6
202 26
87 63
112 370
39 9
78 28
68 389
234 358
366 332
129 3
378 294
111 77
368 229
162 237
230 147
333 293
29 384
127 276
96 258
118 121
282 302
139 363
181 151
210 393
174 355
234 182
162 228
145 356
350 218
365 263
98 130
290 19
281 264
83 97
102 271
47 79
309 346
343 207
18 137
2 335
3 58
149 370
209 175
158 224
8 30
86 331
150 311
256 279
334 298
354 115
190 160
318 117
249 287
174 147
175 3
105 392
93 65
333 29
122 128
130 213
180 237
62 344
393 58
165 81
224 312
238 183
269 68
185 231
260 76
133 218
178 62
203 10
370 108
211 186
29 394
308 138
368 90
25 258
139 262
32 348
213 80
150 154
79 224
136 234
102 131
322 237
252 366
328 220
292 30
279 277
57 151
275 72
314 245
351 349
153 305
172 251
375 75
345 140
227 359
184 253
114 185
22 132
389 391
247 375
260 372
354 164
122 184
291 224
389 185
74 281
361 191
107 376
200 251
185 137
72 309
349 332
43 244
245 80
249 21
308 301
260 371
43 5
226 319
309 127
275 86
149 198
316 300
245 370
311 107
216 365
41 217
278 158
151 388
193 67
194 316
135 195
235 31
332 197
315 135
356 195
73 357
74 226
335 249
203 276
223 130
356 289
194 388
86 158
318 296
348 154
96 227
299 242
385 305
85 216
268 189
126 217
163 81
155 379
338 57
303 291
70 384
273 351
9 351
107 70
183 208
239 233
207 16
286 90
204 140
225 241
67 73
200 358
220 12
148 337
191 40
284 139
377 290
307 75
58 53
204 52
296 103
259 125
7 342
344 318
135 50
66 362
354 186
383 197
220 297
225 146
136 360
65 390
31 180
196 194
224 86
135 154
108 243
19 239
208 143
207 201
135 43
375 237
93 242
76 142
33 197
73 126
98 110
244 241
262 69
38 161
311 93
135 147
137 240
68 182
345 117
18 53
255 21
113 241
266 209
250 106
240 252
348 373
370 285
116 284
322 5
360 208
292 199
371 326
245 289
120 379
135 343
157 38
345 126
64 71
32 112
268 113
236 240
291 359
51 61
245 255
52 36
382 77
312 340
83 381
248 113
66 136
15 193
25 239
283 137
69 195
177 373
51 2
289 326
147 96
277 135
51 3
58 278
103 266
360 365
147 139
205 374
333 332
66 206
34 382
380 169
364 51
98 131
191 195
190 9
110 303
9 262
103 259
72 173
15 215
91 142
2 255
351 175
161 60
345 271
272 89
242 129
244 173
285 296
267 229
178 367
15 62
365 69
3 360
387 114
287 32
274 23
368 326
50 123
54 265
310 114
45 255
377 361
171 252
157 142
41 37
277 146
133 72
337 82
390 228
49 19
385 49
43 128
244 74
374 167
212 115
12 368
178 63
264 260
1 193
384 247
38 78
377 165
359 77
108 390
346 393
56 228
314 235
61 24
172 327
106 207
220 91
234 171
40 43
54 394
316 287
105 47
279 79
161 289
281 210
376 208
88 143
28 230
167 17
351 308
305 325
355 305
276 66
149 188
88 120
215 79
84 236
232 173
116 122
360 28
312 261
9 299
120 109
50 31
253 175
254 216
21 25
315 308
283 120
323 276
56 249
115 35
116 339
207 4
178 193
296 140
318 343
155 211
255 66
263 108
79 284
150 52
339 253
359 198
35 363
240 313
251 220
204 289
116 120
120 123
356 100
149 102
355 251
69 132
328 258
383 356
3 298
206 295
361 145
343 1
79 204
339 371
217 37
225 360
62 159
67 208
33 64
121 229
304 387
358 202
87 354
253 43
60 283
171 376
63 277
58 154
225 240
346 145
369 272
247 339
217 95
315 336
49 377
358 205
168 345
81 326
380 342
102 81
304 152
30 71
206 211
183 289
81 262
71 218
5 45
64 172
363 152
365 255
325 277
278 195
390 167
157 168
233 271
342 364
72 139
90 310
182 208
22 196
392 327
215 280
73 295
37 265
281 306
101 145
267 316
145 85
94 112
372 47
172 188
174 221
103 141
222 274
64 65
325 102
384 141
58 92
388 343
124 154
169 64
297 155
8 258
192 340
90 393
58 190
53 107
255 29
208 126
305 359
135 24
281 256
156 357
49 357
168 71
310 177
120 387
88 55
233 226
90 259
290 276
40 73
372 211
49 208
32 136
5 240
248 155
379 109
55 128
275 150
42 119
117 268
394 255
341 153
312 348
337 308
251 132
234 180
233 341
117 46
173 268
193 3
30 309
327 365
77 315
80 54
221 177
170 75
100 371
287 58
201 189
96 394
43 149
373 44
158 230
307 338
364 353
171 105
62 343
381 45
81 177
151 306
358 146
57 243
224 146
44 389
337 88
140 363
6 18
13 68
324 36
70 127
364 344
2 230
57 172
177 270
309 244
226 95
83 113
289 360
96 297
295 203
248 31
323 147
308 338
146 85
304 63
154 164
46 110
204 181
104 288
293 314
41 273
305 242
54 280
129 12
42 141
297 387
118 176
393 42
47 299
259 388
12 1
291 74
258 385
173 18
85 208
306 104
287 30
18 235
312 383
366 182
265 143
233 200
163 350
145 319
94 273
333 221
252 271
3 327
183 86
181 182
247 334
198 302
76 374
357 392
218 227
201 105
95 246
208 384
135 187
240 341
96 127
334 41
342 35
90 142
254 271
98 222
61 373
355 245
213 324
53 171
111 357
117 142
359 193
161 346
76 83
352 113
30 83
140 392
40 121
39 302
211 240
217 76
143 380
92 226
370 360
282 77
344 73
381 220
8 363
106 152
328 146
220 128
355 5
191 363
105 155
359 17
237 362
315 346
120 242
105 98
286 201
369 120
205 391
290 391
4 307
98 50
214 302
126 81
331 21
370 40
362 382
130 104
387 148
25 185
154 98
340 156
219 255
148 177
294 176
314 153
100 231
11 203
51 80
77 70
297 304
160 35
242 22
288 199
143 156
57 91
351 212
84 305
153 179
100 337
10 185
31 269
2 367
305 95
49 83
343 337
144 361
309 28
21 221
169 188
302 53
359 60
218 38
56 362
137 20
327 281
100 344
178 148
15 76
207 291
305 162
274 73
59 79
24 235
320 311
50 45
59 345
353 100
10 216
322 3
177 377
220 313
276 123
133 105
64 352
361 290
229 182
72 186
241 360
187 219
118 347
229 332
287 273
254 348
98 312
281 259
193 161
380 260
290 51
393 16
318 214
13 199
18 146
369 347
205 53
272 305
327 45
3 94
332 325
281 260
358 298
347 180
289 115
62 173
137 339
14 16
171 317
388 333
374 114
32 255
274 139
294 206
15 282
90 274
308 333
57 16
357 178
182 39
131 349
260 290
151 134
101 189
211 30
363 187
277 151
319 219
302 129
18 255
55 6
140 251
251 258
128 247
392 225
92 352
346 319
27 332
219 152
50 326
212 311
290 255
223 282
344 133
271 358
223 56
118 262
323 155
143 172
229 295
152 273
26 192
139 118
40 362
217 224
239 201
333 180
151 173
18 341
286 122
203 354
294 234
92 22
39 68
332 253
164 38
112 390
222 122
78 80
235 320
19 89
81 45
279 70
390 378
29 368
250 210
253 359
80 296
171 77
286 213
298 88
102 216
358 182
342 129
363 251
152 37
50 389
72 319
254 118
319 117
134 258
253 166
56 328
168 215
206 100
216 142
77 201
137 71
50 301
126 213
259 11
172 293
215 385
380 13
254 121
273 347
206 252
226 349
285 62
217 83
163 139
329 92
213 135
90 79
287 108
185 161
17 237
106 40
306 13
222 137
115 337
318 320
391 388
138 184
375 334
233 171
218 74
218 391
194 243
250 20
158 334
216 258
155 76
2 84
28 315
294 9
173 110
138 208
12 172
251 236
204 337
63 30
54 232
389 114
173 325
125 119
242 254
245 339
207 145
391 163
324 275
270 190
272 297
339 259
195 6
16 345
173 337
190 271
300 110
168 179
170 219
336 239
190 158
120 257
102 364
176 51
90 18
386 137
178 154
33 178
89 269
108 387
293 187
304 145
60 9
243 283
212 263
268 126
91 223
349 101
207 123
347 51
94 118
340 18
269 42
38 361
21 303
54 297
190 313
181 90
128 346
75 62
243 90
62 264
385 84
336 295
173 193
179 294
380 381
204 179
23 20
48 378
3 88
290 206
189 178
251 377
234 211
326 373
129 69
281 258
46 73
268 195
73 109
96 271
100 132
300 377
321 209
122 105
251 16
258 239
318 365
309 118
207 161
285 237
128 227
224 279
351 380
99 162
62 314
63 392
213 379
51 7
217 307
367 75
17 322
291 384
255 13
169 159
317 15
51 159
22 81
346 298
298 306
335 332
319 221
344 380
253 329
347 140
28 46
339 301
337 188
120 188
356 37
266 269
124 73
71 25
345 189
56 72
62 98
318 200
288 43
34 86
318 262
138 351
394 382
2 245
292 158
6 306
319 42
215 18
147 306
371 221
9 309
264 11
283 249
286 342
254 273
146 83
122 178
81 372
340 220
217 271
364 170
310 289
148 113
385 321
207 364
163 1
258 202
6 2
66 226
378 176
158 217
324 20
290 132
187 321
381 54
96 330
99 304
250 89
81 43
213 393
349 335
129 27
386 33
383 330
183 377
260 263
9 1
329 375
246 299
390 204
193 256
107 269
15 140
109 33
48 253
75 74
159 219
200 8
204 35
167 11
25 360
99 100
374 62
325 37
26 393
203 204
59 246
25 394
198 125
40 116
60 111
147 191
98 220
372 277
119 267
327 133
151 187
195 133
101 80
255 116
137 365
117 228
89 392
244 153
394 45
329 362
90 239
190 286
87 142
145 214
170 291
53 187
239 245
60 278
210 285
208 262
16 355
36 315
196 33
269 341
18 394
256 232
141 3
19 12
131 157
55 209
77 68
343 346
274 85
59 333
116 199
184 84
96 379
115 9
117 309
138 112
368 116
258 332
223 226
23 1
133 246
72 142
81 334
302 59
386 238
81 292
318 91
68 105
318 265
327 283
160 352
393 241
185 188
222 219
60 146
133 255
102 70
89 118
345 121
312 313
152 290
47 206
351 247
238 352
274 361
332 106
158 97
35 163
314 300
341 5
309 290
255 239
118 200
393 146
16 109
185 272
156 151
387 205
179 302
53 265
65 171
10 35
339 286
198 393
345 75
365 376
49 258
255 345
291 272
262 147
125 19
363 232
203 323
24 36
153 141
250 170
161 256
272 269
204 277
126 125
164 205
203 26
114 230
259 211
122 166
107 13
270 331
147 252
119 200
268 242
287 45
48 163
239 36
158 90
161 214
18 21
313 124
334 113
172 116
374 216
357 176
286 244
198 266
99 211
183 171
106 182
171 283
364 181
386 380
44 384
83 218
301 128
69 297
217 148
73 191
101 116
22 96
190 172
121 171
321 188
368 165
328 218
206 159
190 373
287 367
218 98
328 41
311 373
97 201
392 283
46 2
178 394
287 252
363 327
182 55
313 255
24 108
55 225
208 301
249 157
125 381
310 64
380 201
298 84
101 214
142 342
239 56
6 107
119 391
138 329

282 182
86 192
192 162
166 193
193 71
175 194
194 18
77 195
195 114
107 196
196 53
67 197
197 175
10 198
198 7
37 199
199 85
80 200
200 174
14 201
201 105
37 202
202 158
126 203
203 149
144 204
204 158
63 205
205 140
49 206
206 152
47 207
207 146
163 208
208 39
150 209
209 170
84 210
210 123
5 211
211 100
118 212
212 13
71 213
213 187
35 214
214 158
70 215
215 131
114 216
216 116
107 217
217 102
86 218
218 152
55 219
219 40
63 220
220 175
23 221
221 84
179 222
222 109
99 223
223 16
10 224
224 92
174 225
225 187
163 226
226 99
176 227
227 191
61 228
228 141
191 229
229 63
41 230
230 122
28 231
231 68
106 232
232 16
102 233
233 160
149 234
234 73
22 235
235 139
92 236
236 115
106 237
237 78
18 238
238 114
144 239
239 83
23 240
240 149
92 241
241 44
72 242
242 58
171 243
243 150
157 244
244 184
38 245
245 76
7 246
246 128
183 247
247 137
179 248
248 180
111 249
249 20
84 250
250 180
161 251
251 46
180 252
252 167
90 253
253 76
57 254
254 32
96 255
255 144
66 256
256 56
64 257
257 157
60 258
258 152
166 259
259 105
169 260
260 2
36 261
261 15
6 262
262 94
165 263
263 20
84 264
264 169
138 265
265 118
111 266
266 120
136 267
267 126
37 268
268 79
14 269
269 61
61 270
270 155
88 271
271 41
185 272
272 4
19 273
273 61
3 274
274 75
85 275
275 104
78 276
276 137
127 277
277 31
110 278
278 127
16 279
279 93
82 280
280 148
10 281
281 157
65 282
282 129

285 192
76 190
190 21
162 191
191 114
121 192
192 70
112 193
193 91
116 194
194 137
124 195
195 27
35 196
196 58
42 197
197 35
20 198
198 109
2 199
199 63
46 200
200 141
165 201
201 19
162 202
202 119
116 203
203 10
55 204
204 175
70 205
205 177
9 206
206 135
76 207
207 116
151 208
208 47
64 209
209 164
64 210
210 72
102 211
211 110
83 212
212 40
167 213
213 96
171 214
214 123
47 215
215 50
139 216
216 101
2 217
217 74
29 218
218 172
3 219
219 28
68 220
220 86
26 221
221 167
92 222
222 185
153 223
223 189
68 224
224 124
6 225
225 29
113 226
226 70
68 227
227 136
172 228
228 83
36 229
229 85
68 230
230 31
58 231
231 38
33 232
232 94
103 233
233 41
137 234
234 141
140 235
235 77
19 236
236 100
36 237
237 183
37 238
238 87
162 239
239 83
12 240
240 155
94 241
241 43
95 242
242 152
58 243
243 50
8 244
244 48
127 245
245 54
126 246
246 144
173 247
247 105
107 248
248 12
150 249
249 94
28 250
250 43
39 251
251 67
181 252
252 93
175 253
253 110
26 254
254 51
64 255
255 35
145 256
256 9
126 257
257 62
83 258
258 6
177 259
259 149
68 260
260 148
24 261
261 51
159 262
262 114
69 263
263 25
109 264
264 46
33 265
265 145
152 266
266 89
181 267
267 141
9 268
268 109
58 269
269 46
7 270
270 32
173 271
271 78
168 272
272 181
148 273
273 32
50 274
274 16
87 275
275 32
118 276
276 125
15 277
277 17
81 278
278 37
125 279
279 61
40 280
280 182
4 281
281 187
6 282
282 126
126 283
283 124
115 284
284 150
134 285
285 16

289 180
161 200
200 150
162 201
201 114
38 202
202 20
129 203
203 73
175 204
204 165
114 205
205 130
139 206
206 183
62 207
207 31
4 208
208 162
67 209
209 132
130 210
210 196
62 211
211 155
37 212
212 41
98 213
213 170
32 214
214 198
32 215
215 126
145 216
216 27
191 217
217 95
131 218
218 175
27 219
219 78
139 220
220 136
183 221
221 86
115 222
222 1
113 223
223 77
33 224
224 193
104 225
225 196
56 226
226 105
81 227
227 168
187 228
228 116
129 229
229 51
136 230
230 99
45 231
231 87
58 232
232 122
107 233
233 29
132 234
234 76
97 235
235 92
20 236
236 142
129 237
237 181
61 238
238 125
82 239
239 5
13 240
240 47
163 241
241 158
39 242
242 150
147 243
243 158
128 244
244 97
152 245
245 158
166 246
246 62
44 247
247 191
44 248
248 136
198 249
249 31
170 250
250 60
171 251
251 116
28 252
252 115
90 253
253 180
176 254
254 95
180 255
255 198
33 256
256 71
73 257
257 165
104 258
258 27
105 259
259 116
45 260
260 112
94 261
261 75
32 262
262 43
70 263
263 183
146 264
264 106
123 265
265 175
82 266
266 17
85 267
267 8
86 268
268 157
67 269
269 199
5 270
270 136
2 271
271 71
15 272
272 123
83 273
273 82
184 274
274 114
62 275
275 171
8 276
276 56
65 277
277 108
150 278
278 48
5 279
279 152
60 280
280 40
27 281
281 112
95 282
282 88
146 283
283 178
136 284
284 123
47 285
285 25
93 286
286 84
136 287
287 26
197 288
288 150
173 289
289 191

376 1931
272 42
22 154
25 358
29 44
232 72
46 198
311 248
351 321
100 199
375 95
275 301
299 244
120 2
232 342
288 72
125 186
186 245
134 198
120 113
218 127
56 323
333 211
44 138
233 71
39 29
317 149
173 240
34 3
113 77
80 146
88 242
89 351
147 337
33 111
321 9
231 209
306 232
1 33
112 295
40 4
258 71
191 137
113 270
50 229
125 106
291 149
75 247
277 330
336 335
247 102
329 352
185 158
277 43
176 375
255 29
266 100
90 148
272 31
260 366
279 308
173 337
212 348
119 176
138 68
214 108
344 251
217 371
40 212
227 185
48 345
251 233
1 130
147 351
84 116
71 83
19 332
239 135
152 129
189 4
264 82
293 190
278 26
199 352
277 348
79 32
189 117
301 38
139 343
31 205
218 20
192 54
322 220
72 129
82 38
67 221
222 193
127 63
110 93
313 189
315 340
160 269
41 30
336 183
83 42
277 214
6 65
64 216
319 26
329 228
158 303
94 226
372 362
159 308
345 341
45 333
11 197
361 136
91 51
348 85
251 252
195 83
118 332
375 343
12 307
216 196
215 276
325 121
309 143
354 110
125 7
370 366
100 144
344 354
56 22
12 347
14 147
92 41
170 373
298 334
136 61
373 197
170 160
49 218
231 235
88 331
109 309
20 346
313 208
314 206
152 157
101 134
11 98
35 213
211 30
249 76
135 317
268 264
4 274
73 324
225 79
25 154
318 108
30 350
344 237
120 372
273 14
310 320
152 19
65 364
161 219
137 229
179 350
145 357
367 375
22 237
353 26
174 24
248 337
345 256
77 318
111 62
210 353
195 258
35 195
335 188
21 141
178 76
25 74
44 290
326 159
36 334
231 87
372 294
193 7
14 23
307 11
74 223
298 113
234 338
145 53
75 353
55 320
77 136
315 72
245 204
245 364
108 188
314 317
229 174
103 318
341 31
110 163
247 286
231 15
74 269
94 200
23 340
120 301
359 284
288 355
273 241
172 334
360 26
120 194
201 315
112 261
176 116
229 365
362 126
255 375
298 99
268 340
291 64
263 161
236 214
67 124
55 24
231 38
277 14
150 372
212 120
358 205
100 67
5 208
26 119
160 285
105 41
86 5
308 7
129 358
226 197
332 268
278 143
300 152
181 102
330 246
37 19
337 165
139 107
177 316
51 253
73 168
165 77
348 291
314 255
117 191
102 301
124 282
124 199
329 332
222 1
371 316
61 157
227 365
10 103
89 332
15 129
255 91
258 268
132 99
120 107
211 225
106 66
287 348
73 192
311 330
208 67
192 242
283 102
275 11
212 253
215 213
272 186
93 14
96 323
59 37
76 89
134 52
29 320
30 101
149 158
376 295
200 10
203 55
59 298
98 195
216 138
132 307
33 367
125 193
37 53
60 250
136 133
157 198
254 117
168 75
353 209
194 310
69 245
127 3
43 112
10 318
58 68
327 312
368 124
232 369
256 1
95 264
29 351
341 93
289 79
198 3
223 25
351 84
117 113
284 179
89 29
330 234
149 97
353 91
68 119
35 307
7 148
173 225
103 96
298 216
218 275
357 305
165 153
360 250
144 81
86 51
34 45
130 322
94 19
59 31
371 225
317 243
125 274
17 361
164 165
23 98
129 241
209 226
221 37
95 65
282 91
75 342
229 54
85 273
197 221
58 174
304 157
366 96
204 331
301 373
211 318
125 143
236 129
236 334
98 254
213 356
329 268
289 188
181 267
57 200
43 294
5 135
20 126
241 52
21 291
7 325
339 269
184 180
257 2
97 323
118 333
145 191
315 357
104 69
75 139
350 3
236 16
87 55
250 159
158 124
35 188
352 40
298 188
86 183
197 261
144 159
229 20
277 72
226 375
279 227
74 163
23 307
51 58
306 270
75 128
5 26
252 307
39 367
254 316
90 200
162 237
24 257
130 108
12 290
57 114
98 139
44 83
38 160
344 55
87 25
181 358
19 42
62 76
82 301
197 358
337 310
338 9
324 52
75 80
331 42
52 267
163 264
184 312
132 355
27 130
322 17
292 243
118 112
195 95
179 236
24 85
188 102
144 329
75 73
313 121
44 178
7 62
357 181
139 78
360 188
236 220
271 48
240 231
78 113
178 366
288 365
143 106
310 339
292 250
86 50
42 123
118 75
301 116
346 50
251 35
252 147
21 149
369 156
28 41
176 311
341 30
147 150
126 238
171 310
117 163
134 259
102 321
166 325
43 368
126 194
364 198
347 134
314 297
231 182
305 251
90 281
9 130
90 95
163 319
314 234
61 25
316 263
7 189
28 198
267 333
35 249
118 69
30 113
341 191
197 346
43 134
63 203
29 274
235 40
100 76
10 283
124 90
145 142
260 284
316 286
154 161
248 188
251 89
207 361
136 145
193 267
63 240
284 168
287 342
144 224
290 131
146 161
197 101
219 335
221 127
317 204
14 355
70 268
94 77
314 294
339 349
61 197
275 376
277 31
260 57
261 181
46 163
304 83
231 221
166 135
24 370
333 216
23 177
28 188
323 277
271 29
41 63
341 122
189 111
210 39
290 124
271 130
274 226
156 194
159 55
329 197
350 365
25 55
46 351
304 74
161 122
332 197
118 135
73 89
36 43
168 290
183 371
213 311
368 168
182 324
150 166
51 309
90 341
261 167
372 225
100 71
193 68
247 137
267 87
300 52
180 265
259 337
155 361
30 271
253 19
56 315
115 46
151 355
30 197
178 319
272 312
110 375
24 30
278 313
69 364
179 369
350 351
278 168
319 88
71 84
148 313
194 244
30 189
251 304
224 233
27 67
264 271
339 296
178 310
200 279
274 207
187 76
63 140
246 228
206 298
105 158
214 296
131 78
205 235
193 86
305 266
127 48
147 206
279 335
125 122
202 296
294 178
242 195
323 75
216 15
188 214
239 103
77 72
283 355
230 101
193 5
332 295
138 274
301 198
346 10
331 153
209 370
300 2
160 271
289 186
198 278
75 156
241 161
296 223
27 81
45 338
193 329
305 90
197 220
366 299
149 340
195 10
72 138
252 216
329 123
171 135
116 194
20 286
340 349
57 276
45 331
249 234
174 220
341 143
275 314
136 169
285 109
326 177
353 245
8 99
193 57
141 196
375 155
216 117
184 94
368 144
16 129
181 132
20 6
258 322
116 50
318 359
335 135
253 231
38 43
45 155
94 210
166 207
78 29
341 347
291 161
202 332
224 140
208 342
245 298
197 183
273 164
39 366
189 349
303 213
197 269
230 144
323 325
326 361
291 217
238 48
170 269
8 224
28 227
285 129
294 209
225 190
66 16
180 24
348 60
132 155
280 249
120 67
135 325
184 107
226 262
64 85
46 229
340 258
273 116
92 168
20 362
7 81
246 11
232 315
234 361
328 345
162 287
96 282
274 28
369 343
367 196
359 57
302 235
178 13
45 255
25 249
374 196
357 335
124 78
72 60
188 280
81 261
174 144
87 299
15 62
53 247
143 205
317 237
13 244
252 172
81 92
211 199
183 273
226 280
65 43
375 199
286 251
145 147
239 185
295 78
340 202
342 103
287 52
310 156
173 33
263 366
252 336
113 62
39 274
189 353
211 259
303 126
325 188
40 36
46 254
68 47
16 61
59 369
317 142
355 295
266 118
30 231
198 147
202 363
154 285
49 20
1 169
257 199
25 35
217 113
73 212
186 86
52 232
73 165
75 204
98 167
153 253
334 241
35 225
53 194
365 48
148 125
296 158
207 360
172 318
210 67
222 175
79 153
283 313
108 357
292 57
192 253
231 52
325 63
53 90
41 53
149 188
99 203
213 292
164 309
111 14
311 109
161 247
34 127
312 261
41 215
223 44
82 70
63 248
321 60
212 136
180 260
116 300
63 73
56 302
330 334
302 311
248 290
35 239
43 351
132 84
373 19
247 179
12 276
91 248
292 47
168 114
8 41
342 43
126 324
132 317
316 292
299 292
156 171
139 135
179 36
345 230
149 319
31 96
71 276
327 99
147 338
349 146
207 244
46 359
67 50
320 185
240 218
71 91
152 182
35 268
327 129
292 165
373 318
339 130
242 204
227 207
72 150
147 347
114 359
234 246
290 164
288 9
115 137
152 189
25 177
317 51
191 179
177 350
287 218
90 2
223 354
99 336
139 339
33 162
373 125
353 225
8 79
230 376
68 233
88 370
252 75
76 153
32 287
359 156
145 91
311 217
152 51
155 14
358 92
267 168
227 253
270 43
350 245
247 151
87 131
61 360
293 91
313 194
355 238
230 307
50 141
53 128
150 208
182 289
205 11
325 236
343 157
283 165
47 196
212 178
145 271
167 32
319 302
177 321
289 178
364 95
274 371
59 190
361 141
181 186
110 272
228 251
262 27
95 32
371 133
269 323
236 327
368 2
294 341
317 87
338 243
213 166
76 21
8 269
263 268
302 356
253 230
135 349
369 316
169 175
278 76
338 347
304 28
68 205
110 117
283 32
266 168
270 229
368 136
95 207
136 201
228 343
68 278
33 284
16 249
223 220
63 168
139 197
213 86
106 112
306 37
142 82
90 259
327 50
5 314
260 136
192 307
175 127
197 46
259 48
196 362
287 61
363 132
2 370
338 7
105 363
346 71
184 331
143 215
134 132
191 125
52 277
72 54
201 67
332 5
12 29
276 23
18 135
296 50
265 277
140 195
37 325
349 211
24 198
261 231
327 362
334 230
8 346
123 308
235 357
167 338
136 307
324 203
105 196
198 49
41 295
138 134
282 244
301 312
213 97
163 254
148 266
21 4
115 217
116 134
99 70
119 358
266 76
1 294
290 335
174 267
120 89
229 281
14 117
113 142
188 229
372 311
173 375
141 281
182 48
82 166
156 320
12 10
310 291
129 213
3 345
189 264
167 259
317 254
376 91
323 11
363 96
313 226
330 123
39 255
138 323
338 305
302 108
141 274
235 187
272 79
313 259
243 11
120 318
239 63
297 234
191 375
169 288
48 196
102 11
103 294
63 233
145 244
2 192
260 195
339 1
143 219
99 311
210 315
287 118
236 81
329 369
263 340
304 198
346 186
92 125
78 365
247 181
284 161
50 28
111 239
5 190
43 7
140 109
130 139
306 325
219 147
164 123
57 167
223 374
75 263
185 144
148 12
31 122
222 376
199 158
354 197
45 74
121 105
284 184
178 32
306 237
333 207
170 307
27 198
102 323
147 42
118 52
45 364
47 120
362 248
220 137
203 195
130 161
207 326
279 85
30 83
54 373
312 276
45 67
46 179
51 164
15 13
296 349
248 274
329 46
341 292
263 306
103 100
361 144
365 19
130 184
276 207
267 192
30 90
235 126
353 239
336 97
315 129
306 159
235 15
200 59
308 260
258 90
99 153
374 13
210 162
175 134
371 364
334 352
261 64
101 246
104 251
52 123
57 368
38 327
210 101
11 291
178 122
142 108
36 313
312 290
302 43
145 201
368 30
313 184
314 54
121 237
124 142
315 29
182 316
33 375
346 246
113 116
205 17
339 256
344 256
66 360
199 19
96 138
351 281
93 66
341 275
123 214
360 228
196 189
197 73
292 211
299 259
167 264
23 7
151 50
342 365
343 337
169 188
272 288
69 214
14 52
102 358
358 257
61 88
156 135
293 362
204 187
132 168
25 114
79 163
227 234
135 141
158 139
366 110
353 11
99 36
221 52
5 344
37 119
107 255
272 285
184 207
42 21
13 71
180 187
65 77
52 256
54 105
237 327
111 295
59 350
120 277
46 72
360 217
363 241
256 79
168 310
293 284
75 98
189 347
90 215
328 11
76 294
176 79
290 219
237 320
312 180
5 255
263 236
175 126
195 257
200 212
75 375
147 98
81 215
141 11
204 283
278 236
136 64
137 342
27 186
302 230
254 176
239 324
338 330
49 261
217 132
272 100
94 194
60 342
7 83
197 22
364 273
54 234
370 151
199 333
190 15
312 356
41 317
186 261
292 219
362 316
180 347
90 274
182 180
203 17
22 301
352 25
28 92
216 164
70 148
2 108
239 178
152 246
119 199
102 261
230 243
236 110
95 293
170 51
136 255
321 165
67 114
180 232
335 343
280 201
355 66
50 121
37 333
10 276
194 130
272 82
111 315
167 45
183 19
15 1
129 360
151 12
178 170
247 354
319 81
305 248
107 97
329 191
310 75
338 311
49 296
368 72
213 218
237 292
75 201
223 282
174 160
306 296
105 345
204 319
6 13
65 138
232 48
73 218
259 205
100 79
86 339
307 98
128 197
314 240
375 63
358 132
69 63
215 176
187 44
372 7
133 184
279 73
231 336
197 155
23 68
159 211
91 236
36 366
323 283
62 368
68 31
124 108
362 163
35 283
200 111
327 329
345 35
91 28
50 315
113 86
167 369
136 155
355 17
284 51
178 87
92 126
183 81
258 223
372 158
249 26
12 287
40 27
99 101
135 99
344 124
183 375
30 222
33 157
182 320
259 2
282 161
135 257
342 240
108 147
258 259
278 157
226 322
143 374
292 41
99 106
122 201
114 230
93 3
222 100
277 332
334 200
83 21
174 188
257 283
73 47
366 217
130 190
354 362
146 30
166 37
259 355
91 268
22 169
251 316
329 45
370 332
213 317
31 218
275 251
328 113
73 99
10 28
108 308
311 316
206 199
46 187
325 241
109 158
321 323
297 269
312 282
115 56
269 63
203 240
4 316
321 109
304 247
210 245
143 150
72 125
331 370
321 245
361 129
113 107
257 334
11 211
371 229
6 67
204 328
352 321
189 167
264 194
374 237
209 227
74 178
205 311
369 105
169 84
10 166
86 78
181 191
271 232
126 64
189 160
62 182
10 335
188 165
281 304
210 374
333 184
145 75
310 165
43 282
375 12
125 250
275 319
41 155
243 371
346 344
65 269
201 70
252 227
36 343
256 144
277 75
342 368
163 281
29 165
375 148
195 274
268 196
16 117
149 242
117 312
7 297
375 5
37 199
311 87
337 312
4 28
213 75
74 92
259 303
282 1
212 277
11 153
290 48
238 159
294 221
197 180
345 219
130 290
258 239
278 234
247 196
267 10
178 22
154 173
132 46
66 333
212 201
54 85
161 39
255 161
118 194
32 308
270 242
199 312
369 21
304 334
326 14
294 39
252 8
223 84
260 226
62 338
194 177
30 194
218 59
242 133
119 201
328 81
363 238
73 31
291 80
314 332
194 83
106 209
15 163
364 204
147 292
204 216
79 134
156 27
289 11
313 125
62 341
263 76
241 222
323 308
274 317
311 149
100 181
221 274
232 293
235 113
59 46
63 271
107 218
128 31
347 133
369 333
132 116
373 51
191 28
249 125
232 195
103 309
306 204
17 135
60 35
230 184
231 10
309 263
110 23
77 299
210 332
251 79
112 92
224 171
187 17
225 198
100 184
241 175
293 107
262 348
300 167
148 275
226 302
337 174
194 154
177 261
251 282
236 206
296 267
117 168
100 208
287 130
108 16
166 368
133 190
229 74
107 200
126 9
257 196
59 80
351 118
282 196
165 254
38 68
352 256
277 122
26 193
300 45
49 235
267 188
362 185
290 247
190 89
180 87
237 98
76 32
333 4
318 253
271 297
133 200
284 164
68 137
218 119
354 160
284 219
360 156
179 55
328 272
111 337
261 106
360 342
86 17
310 307
282 167
140 265
252 179
166 40
290 150
249 343
158 346
289 153
255 361
1 90
294 138
376 3
196 227
111 16
295 233
67 86
3 8
159 115
34 315
308 304
312 254
351 295
337 138
28 183
194 254
165 122
168 359
163 268
187 63
158 27
366 275
42 77
152 80
44 345
210 129
114 222
188 19
266 191
375 368
158 309
73 245
244 295
363 281
346 371
240 44
43 305
143 2
210 34
157 218
160 23
16 364
295 108
299 105
376 314
216 238
182 125
331 239
169 216
27 214
243 238
42 124
199 246
128 40
366 232
257 372
244 23
136 184
48 351
230 102
111 156
261 149
245 48
121 2
366 63
325 25
313 303
4 288
219 110
4 292
265 285
29 300
123 49
197 277
345 111
337 357
156 81
140 187
35 343
143 158
3 245
173 189
198 106
84 51
246 91
324 283
40 285
210 85
228 308
232 250
86 190
307 191
336 72
90 107
4 244
172 40
356 234
140 1
268 206
142 158
271 67
274 165
206 262
245 233
337 120
87 76
4 298
318 352
228 307
326 181
242 6
230 154
215 274
169 52
287 187
368 148
4 130
359 334
95 336
280 239
9 279
183 277
231 144
288 127
62 161
231 225
305 298
237 250
172 30
219 221
95 200
282 288
68 273
252 328
114 353
204 171
133 225
262 369
86 195
76 288
89 78
75 47
172 351
227 329
10 91
14 244
180 228
346 211
19 158
295 174
6 39
258 150
61 323
233 121
293 101
224 303
23 348
248 165
357 24
289 339
276 18
281 73
86 98
15 162
279 148
247 213
91 130
35 353
111 316
95 150
302 276
180 123
81 199
80 290
200 339
240 309
57 301
350 258
177 259
35 358
223 287
364 172
19 68
257 260
371 303
7 208
128 23
257 194
63 201
29 276
73 215
199 6
195 366
58 1
227 276
355 299
63 30
291 70
146 118
309 33
256 211
20 52
66 164
151 116
46 335
212 134
146 75
188 255
272 66
56 239
334 256
104 155
251 92
342 117
164 266
292 327
38 146
1 139
324 346
169 293
376 212

251 166
106 169
169 63
167 170
170 84
156 171
171 4
63 172
172 39
105 173
173 52
57 174
174 127
101 175
175 71
7 176
176 36
148 177
177 112
28 178
178 34
136 179
179 168
75 180
180 116
136 181
181 95
102 182
182 71
15 183
183 160
3 184
184 17
100 185
185 127
33 186
186 116
124 187
187 37
37 188
188 9
132 189
189 70
37 190
190 48
47 191
191 158
105 192
192 117
67 193
193 74
138 194
194 166
1 195
195 142
85 196
196 72
35 197
197 149
109 198
198 156
70 199
199 62
4 200
200 75
82 201
201 73
14 202
202 142
75 203
203 120
52 204
204 136
50 205
205 30
119 206
206 152
77 207
207 117
98 208
208 112
163 209
209 83
55 210
210 132
10 211
211 101
117 212
212 55
51 213
213 60
27 214
214 55
95 215
215 48
84 216
216 95
65 217
217 123
80 218
218 61
43 219
219 67
7 220
220 18
99 221
221 117
36 222
222 141
1 223
223 40
112 224
224 160
59 225
225 100
60 226
226 27
62 227
227 19
15 228
228 83
121 229
229 104
104 230
230 37
43 231
231 54
152 232
232 20
137 233
233 13
6 234
234 58
69 235
235 80
37 236
236 139
47 237
237 131
8 238
238 151
73 239
239 15
71 240
240 126
139 241
241 16
165 242
242 47
79 243
243 61
96 244
244 10
5 245
245 64
13 246
246 153
90 247
247 135
83 248
248 87
98 249
249 15
9 250
250 142
29 251
251 91

268 216
48 161
161 43
134 162
162 39
141 163
163 92
131 164
164 90
111 165
165 113
111 166
166 44
65 167
167 27
40 168
168 147
85 169
169 3
86 170
170 146
154 171
171 74
40 172
172 114
86 173
173 116
94 174
174 160
72 175
175 44
7 176
176 5
87 177
177 65
144 178
178 45
153 179
179 48
130 180
180 50
73 181
181 21
112 182
182 40
67 183
183 148
43 184
184 122
159 185
185 95
72 186
186 153
101 187
187 41
15 188
188 148
20 189
189 148
132 190
190 27
69 191
191 83
101 192
192 16
120 193
193 6
7 194
194 24
38 195
195 64
34 196
196 32
44 197
197 67
11 198
198 108
36 199
199 62
94 200
200 102
30 201
201 155
158 202
202 90
102 203
203 93
61 204
204 84
82 205
205 46
87 206
206 3
18 207
207 156
131 208
208 71
78 209
209 22
118 210
210 52
1 211
211 58
52 212
212 43
42 213
213 90
120 214
214 150
4 215
215 116
31 216
216 124
92 217
217 49
87 218
218 138
51 219
219 87
41 220
220 5
1 221
221 20
81 222
222 101
121 223
223 146
85 224
224 36
10 225
225 78
117 226
226 42
71 227
227 92
26 228
228 112
64 229
229 93
134 230
230 146
149 231
231 154
38 232
232 157
127 233
233 122
66 234
234 55
103 235
235 37
10 236
236 67
8 237
237 26
36 238
238 125
107 239
239 160
65 240
240 25
81 241
241 78
119 242
242 46
11 243
243 148
135 244
244 61
80 245
245 30
56 246
246 153
132 247
247 55
79 248
248 98
93 249
249 51
143 250
250 30
43 251
251 99
129 252
252 111
145 253
253 152
105 254
254 120
102 255
255 26
36 256
256 93
84 257
257 122
14 258
258 48
97 259
259 12
48 260
260 29
26 261
261 66
46 262
262 160
21 263
263 110
79 264
264 92
132 265
265 26
104 266
266 71
114 267
267 152
106 268
268 13

283 192
168 188
188 131
73 189
189 123
62 190
190 180
89 191
191 56
131 192
192 11
99 193
193 126
38 194
194 67
116 195
195 137
125 196
196 45
90 197
197 42
85 198
198 44
33 199
199 149
3 200
200 86
165 201
201 6
10 202
202 80
167 203
203 82
59 204
204 167
175 205
205 166
136 206
206 6
25 207
207 119
36 208
208 39
41 209
209 24
39 210
210 151
36 211
211 111
38 212
212 170
108 213
213 56
82 214
214 71
53 215
215 23
60 216
216 65
29 217
217 14
139 218
218 25
138 219
219 99
112 220
220 40
70 221
221 125
100 222
222 50
46 223
223 82
93 224
224 11
134 225
225 185
90 226
226 95
119 227
227 37
66 228
228 28
106 229
229 138
14 230
230 166
176 231
231 149
104 232
232 45
100 233
233 145
149 234
234 158
102 235
235 98
161 236
236 28
129 237
237 62
33 238
238 24
119 239
239 109
65 240
240 140
163 241
241 141
104 242
242 85
180 243
243 93
107 244
244 161
187 245
245 126
130 246
246 66
43 247
247 176
61 248
248 115
17 249
249 157
130 250
250 62
90 251
251 137
4 252
252 99
157 253
253 93
8 254
254 69
141 255
255 49
38 256
256 157
160 257
257 70
146 258
258 105
36 259
259 98
13 260
260 109
152 261
261 177
122 262
262 130
41 263
263 16
18 264
264 183
58 265
265 155
33 266
266 136
90 267
267 170
25 268
268 67
41 269
269 175
165 270
270 147
119 271
271 111
167 272
272 86
7 273
273 72
34 274
274 61
23 275
275 16
54 276
276 86
137 277
277 72
18 278
278 116
95 279
279 171
89 280
280 39
187 281
281 81
184 282
282 108
138 283
283 183
