1000 9900
489 686
532 86
302 780
743 274
971 495
699 604
336 166
526 543
212 616
143 506
166 184
122 204
104 463
160 481
344 126
18 899
800 646
60 266
244 735
290 722
978 622
710 468
820 316
507 523
147 586
61 144
908 943
365 247
841 404
568 316
986 727
383 5
311 296
710 246
433 154
508 826
932 180
643 59
19 757
975 860
98 262
62 693
619 168
893 585
145 703
255 172
700 47
205 583
496 597
116 422
117 139
418 752
684 763
558 36
159 59
62 794
163 410
870 165
31 509
573 618
388 750
336 695
634 616
599 750
562 51
193 369
206 924
154 635
853 27
929 439
654 900
223 571
6 87
959 375
816 975
11 303
195 26
124 428
877 554
570 50
437 121
4 572
901 714
941 569
502 529
251 787
267 534
312 141
129 553
759 699
315 770
982 158
21 604
526 910
891 208
843 853
372 86
852 749
119 62
808 651
311 840
313 519
598 72
217 163
38 403
645 137
840 288
139 808
288 306
87 674
112 22
701 162
98 89
335 356
196 958
739 448
23 11
987 970
731 868
273 332
112 244
990 211
605 91
690 151
596 905
415 498
525 39
965 928
520 301
736 424
220 249
708 383
23 862
979 124
248 242
822 730
736 263
918 233
866 662
671 995
675 484
452 189
690 682
73 692
918 954
690 573
328 904
90 849
573 848
977 47
926 96
824 486
586 717
493 261
635 548
28 678
218 44
589 107
113 818
98 782
78 464
426 81
890 730
692 340
195 276
627 313
920 817
60 654
605 934
863 370
492 753
247 201
628 165
530 381
70 578
57 949
810 29
223 96
320 257
70 733
717 634
633 519
498 688
796 79
52 751
164 481
827 675
566 808
990 60
866 118
829 98
580 824
231 136
292 735
736 598
170 944
562 494
71 624
454 376
239 754
347 175
322 902
508 721
624 266
793 819
888 367
245 318
391 254
276 334
685 150
443 215
858 762
4 609
328 53
440 591
12 471
310 20
958 640
501 889
12 665
214 624
180 512
220 257
439 545
656 721
399 343
835 117
160 939
821 426
659 455
642 527
72 363
99 654
320 673
321 408
858 161
94 744
189 385
595 642
241 276
177 813
204 408
476 979
4 810
155 654
651 517
433 800
531 987
380 387
191 932
66 238
123 483
730 185
52 941
952 243
666 376
423 518
943 319
804 535
244 708
541 272
285 722
235 779
607 115
889 378
49 579
620 510
838 333
452 536
738 81
244 922
357 645
625 481
773 591
944 591
301 446
932 224
862 353
627 335
407 694
899 466
969 125
733 460
24 588
229 908
489 192
515 310
940 400
25 38
577 529
249 576
837 463
289 367
371 85
408 201
319 285
200 107
71 920
699 147
628 107
258 599
405 804
797 738
104 711
450 463
784 499
96 315
833 822
928 750
256 171
20 60
4 601
385 457
209 141
302 930
744 149
800 647
818 340
297 661
792 299
901 503
741 200
891 311
873 960
621 354
660 866
347 569
117 899
810 791
714 727
454 986
829 742
5 484
833 227
65 153
545 151
85 86
363 412
970 396
170 308
852 936
345 789
212 335
369 924
622 641
715 33
421 342
44 791
676 476
35 556
52 598
53 827
80 887
282 223
54 587
850 490
362 144
163 449
382 215
348 963
689 825
257 125
244 786
222 591
6 520
408 263
651 453
67 522
819 571
768 551
306 602
804 173
349 344
709 281
447 767
987 474
185 964
96 249
738 552
99 778
371 49
855 323
560 791
724 602
963 226
565 602
585 308
120 238
876 877
437 215
721 948
439 617
958 555
704 646
291 96
573 956
708 197
68 676
454 661
716 760
437 489
955 612
479 866
426 122
688 281
23 361
584 346
324 605
682 843
246 666
821 132
347 517
459 79
338 916
91 982
289 396
315 695
551 492
38 1
114 667
354 234
890 264
1000 328
817 950
9 878
647 19
711 123
631 910
875 370
213 775
506 243
288 418
515 805
537 797
161 923
259 99
264 395
191 848
356 882
567 713
770 877
877 628
502 414
175 300
350 135
399 920
355 438
96 454
222 777
154 105
818 48
585 779
838 183
420 276
426 873
742 339
101 553
192 63
657 263
118 584
894 249
273 383
939 747
827 32
847 173
409 895
708 357
252 217
906 768
263 253
156 759
250 914
306 672
584 384
827 270
693 354
262 63
428 339
94 894
20 5
708 170
886 559
927 968
374 708
959 507
265 203
393 30
546 76
964 323
927 601
52 261
697 200
434 906
856 859
222 848
21 526
298 901
445 978
411 686
356 164
982 187
379 82
821 119
506 604
275 143
869 347
377 629
178 638
360 869
14 232
270 150
39 367
422 125
482 456
412 419
694 521
878 346
38 45
238 15
898 876
382 799
201 513
109 888
424 480
759 194
890 159
909 295
782 15
221 719
477 869
634 152
179 190
508 925
550 426
168 116
497 74
922 773
874 538
529 109
503 121
126 423
477 7
114 835
746 592
305 926
415 465
301 490
653 149
12 99
840 612
73 27
145 646
941 154
653 230
548 12
948 998
555 792
239 467
439 237
872 932
724 845
192 470
794 54
344 657
57 226
103 401
620 637
34 376
680 442
167 692
940 116
48 4
121 722
124 759
552 628
256 81
440 686
367 93
115 492
458 400
229 92
507 342
750 662
825 829
993 631
261 337
753 215
377 838
618 581
547 776
345 480
163 563
720 308
317 331
579 123
727 19
416 373
588 507
228 378
972 922
424 896
962 128
638 549
489 978
475 515
248 947
549 608
692 472
804 818
18 251
797 188
863 337
459 23
353 205
703 248
320 511
875 644
910 386
290 999
683 772
756 854
886 781
907 892
178 836
961 659
554 251
60 352
230 944
636 915
685 246
126 737
92 945
158 805
256 985
31 57
799 684
835 895
70 984
899 218
369 721
409 330
576 273
174 389
503 650
16 420
914 389
308 916
183 776
130 436
387 287
38 37
527 627
641 544
61 477
67 896
747 34
343 567
41 353
810 852
742 423
653 266
475 276
42 849
629 187
634 739
582 259
250 744
182 117
182 157
578 814
226 343
676 851
971 933
534 337
613 504
775 25
727 396
393 747
926 415
582 557
537 220
194 969
949 855
328 671
350 732
167 958
321 458
673 797
746 445
215 914
381 390
646 40
939 62
483 330
393 86
638 758
911 188
778 919
185 468
920 865
337 753
502 725
307 809
329 801
554 298
113 74
983 824
557 995
316 553
845 796
100 848
104 275
696 951
694 582
511 670
368 408
994 676
316 920
562 992
389 836
84 428
498 393
92 887
882 881
611 437
886 873
504 535
925 675
465 31
639 611
485 892
344 64
787 830
276 22
22 985
938 830
264 257
216 58
861 598
351 836
274 678
826 907
778 240
876 117
643 172
2 316
204 698
904 704
376 303
445 417
678 406
457 18
409 215
136 569
376 414
983 709
433 233
948 696
671 888
505 23
312 354
594 887
68 829
870 200
597 512
157 659
163 62
92 72
174 418
382 257
671 47
177 351
675 40
324 410
110 399
534 381
280 96
427 915
979 670
432 875
486 434
272 644
57 370
292 504
264 564
216 781
674 57
146 584
290 297
716 761
485 340
419 853
938 335
100 22
627 256
124 140
971 397
221 806
241 168
632 583
560 292
872 86
925 500
213 450
363 605
242 506
716 479
542 359
503 153
804 403
277 982
482 404
389 952
193 47
468 871
341 479
52 870
40 934
97 587
848 781
725 441
304 875
664 432
783 281
198 331
736 878
130 683
757 968
294 894
596 458
796 148
283 459
47 18
965 763
453 956
75 877
627 776
633 843
524 558
526 420
947 145
344 890
130 461
746 654
44 651
47 368
219 663
1 600
317 516
783 733
490 81
664 693
888 452
525 263
339 268
233 241
620 907
54 993
440 949
81 965
429 259
68 197
140 762
968 459
806 991
718 667
675 368
738 33
81 854
941 488
135 768
440 228
879 364
223 648
464 233
707 823
730 764
566 110
90 863
629 518
315 578
85 600
394 351
682 522
918 666
66 375
730 798
512 69
103 171
483 130
416 217
535 808
930 279
386 310
523 468
453 328
821 231
471 530
840 256
536 894
670 404
749 133
750 166
990 881
441 596
27 287
411 124
303 186
915 316
94 213
190 712
143 722
604 696
923 118
448 22
359 320
35 534
715 488
574 317
710 864
207 316
249 110
70 693
434 1000
880 184
22 227
53 414
170 958
779 996
248 306
122 343
583 326
862 395
763 706
720 971
662 930
75 708
295 655
448 978
984 644
788 636
571 356
441 399
370 607
832 840
840 323
325 261
177 278
451 179
107 597
842 512
440 704
367 495
538 825
977 367
650 351
962 733
234 336
592 578
954 41
2 586
276 29
851 419
428 304
160 574
418 250
312 361
129 885
994 861
871 621
966 835
290 288
313 129
59 613
479 788
891 444
470 57
608 410
935 97
313 242
96 750
371 548
161 422
96 350
170 934
668 467
589 17
378 315
588 976
180 245
256 525
687 742
65 179
69 731
394 695
497 296
170 350
338 748
355 214
692 255
309 427
164 487
878 742
915 344
615 192
407 12
924 410
883 74
266 938
942 754
890 35
912 726
197 345
109 637
535 353
178 147
425 838
601 477
343 976
554 941
295 845
926 945
943 893
654 441
250 420
394 235
351 742
687 376
306 975
745 516
980 357
638 345
585 83
659 948
907 328
718 465
742 491
361 412
574 584
325 246
552 307
837 350
119 596
787 545
474 340
974 25
225 558
524 280
86 617
323 105
819 876
569 641
306 873
627 183
742 164
10 101
92 329
573 918
547 816
544 944
160 969
570 140
721 104
831 231
299 414
962 370
543 576
341 216
927 673
677 606
802 395
833 368
155 364
973 940
549 532
34 547
273 793
955 937
425 230
763 96
599 478
971 95
294 960
761 519
389 980
624 825
363 303
386 890
867 111
423 693
190 640
921 608
577 6
210 553
796 800
249 181
636 551
675 945
567 743
865 259
495 696
97 889
667 53
481 26
317 884
362 271
244 879
761 67
619 173
305 933
73 65
71 570
917 694
584 373
594 997
830 701
780 82
728 803
395 180
552 497
36 162
131 654
614 371
192 480
525 482
230 104
488 599
15 884
344 731
883 366
29 600
430 521
253 186
337 736
223 774
78 63
67 298
361 9
822 398
401 866
702 752
336 313
723 311
944 56
546 324
603 285
50 695
732 447
658 624
497 842
525 426
355 628
371 847
509 739
37 629
180 877
177 905
146 728
288 34
460 56
602 241
431 649
716 329
19 11
995 258
471 521
482 290
426 749
278 794
57 926
496 202
765 982
288 198
308 265
554 33
848 782
429 523
710 420
207 55
461 799
145 92
903 328
826 829
485 724
65 389
710 311
771 433
349 340
443 768
563 51
218 860
44 644
995 700
780 272
799 500
781 41
88 320
896 829
219 662
109 726
393 554
184 851
25 337
245 438
28 604
609 147
990 496
738 377
758 892
121 361
174 221
927 481
736 282
146 786
462 216
746 943
652 810
150 309
653 418
716 858
1 27
318 522
376 887
586 534
181 274
863 810
479 541
389 293
524 288
447 499
674 405
806 702
96 485
461 147
928 552
266 387
341 973
472 660
579 385
750 393
312 172
707 485
233 622
556 774
742 729
969 863
751 869
865 798
848 929
243 690
373 751
934 30
830 223
799 916
661 915
269 373
271 411
809 832
95 167
540 976
626 635
981 194
819 155
820 320
805 404
610 812
994 79
667 479
463 816
164 270
529 466
676 391
568 264
917 923
959 748
709 729
411 266
801 646
87 929
550 315
169 364
19 552
66 764
675 726
953 984
625 587
255 144
700 99
716 563
357 576
233 434
286 580
788 910
770 145
580 616
788 637
42 891
520 551
46 311
522 800
941 442
129 856
587 771
50 541
718 148
401 642
266 69
638 111
876 800
716 973
63 886
870 322
621 968
418 251
935 258
593 175
612 669
542 224
600 785
108 940
772 621
384 806
874 660
495 360
479 791
850 681
86 927
271 59
312 72
367 930
817 641
88 559
432 737
521 133
924 599
171 660
928 129
566 439
536 838
631 215
423 946
763 71
191 470
126 773
587 277
256 701
313 572
877 196
165 88
666 991
44 927
27 107
766 836
433 400
450 622
658 75
152 379
74 386
572 389
900 412
596 259
887 284
856 112
857 985
715 407
349 141
95 441
10 893
317 879
126 449
861 786
847 291
170 915
335 127
970 954
850 404
901 343
410 213
675 323
895 484
606 873
111 597
743 48
272 365
422 819
386 509
335 346
760 277
380 681
567 247
81 780
101 321
766 77
903 192
185 798
37 773
636 18
633 408
50 656
423 445
101 35
621 940
841 628
399 180
403 177
855 15
983 58
108 912
824 417
818 641
204 387
581 130
103 891
548 708
54 389
289 458
460 100
996 54
57 854
872 139
377 563
70 638
561 707
422 187
924 217
732 610
284 184
491 356
242 976
772 389
369 768
601 237
285 514
126 688
859 482
649 807
152 841
981 250
928 239
77 849
174 885
545 615
186 146
566 991
398 637
348 696
735 828
404 762
776 269
28 458
965 807
783 586
953 935
291 776
579 559
349 2
352 298
707 223
206 292
710 916
123 810
343 725
954 426
538 45
850 267
465 303
671 779
324 230
567 170
646 740
163 32
182 204
21 194
350 161
371 133
318 924
207 600
438 21
868 586
855 525
154 980
196 79
65 55
493 507
789 62
771 607
829 375
647 48
974 485
669 393
444 924
640 177
138 480
521 402
189 740
119 359
910 572
642 754
539 850
132 388
170 211
450 99
588 317
129 606
892 139
307 775
702 156
463 648
817 858
859 483
646 455
8 119
464 617
284 156
468 865
405 597
515 520
18 80
327 222
312 717
382 570
493 643
136 362
143 525
454 118
536 715
633 841
644 998
835 825
378 820
523 908
808 203
762 158
197 417
6 97
323 24
603 783
947 79
586 83
415 399
537 685
224 240
595 483
98 665
961 541
429 95
558 905
126 251
328 142
755 745
295 634
767 278
585 106
82 20
746 383
656 459
785 745
784 710
789 225
594 123
614 126
463 170
196 163
417 202
788 303
299 170
494 994
449 601
820 632
307 679
544 951
743 489
717 417
764 850
543 741
980 961
485 365
472 516
661 362
313 212
868 930
923 141
172 617
47 527
431 684
218 219
366 339
42 397
82 890
925 470
527 390
434 467
932 786
865 797
591 783
687 716
542 321
15 195
891 990
290 817
934 110
238 619
614 914
99 163
227 502
843 32
628 778
240 123
758 413
390 859
725 204
141 11
188 45
255 133
867 311
740 527
66 586
268 402
542 442
329 132
404 690
956 103
886 480
279 242
895 114
775 510
80 961
274 993
250 497
110 777
917 749
614 425
73 99
841 3
179 676
340 645
386 278
395 76
90 620
616 866
385 86
187 238
21 211
740 119
860 15
219 177
811 597
6 241
239 625
801 912
229 456
638 108
717 355
7 217
10 79
12 561
676 536
510 626
683 300
171 464
579 495
29 978
209 476
432 900
159 563
287 526
381 511
772 622
590 237
114 26
542 112
216 630
198 698
982 49
397 285
613 901
393 136
657 683
195 756
768 332
21 912
117 939
208 889
134 401
929 959
307 895
274 12
972 123
317 371
190 904
148 636
793 942
317 27
204 315
564 12
730 308
456 865
952 870
791 759
577 143
924 267
287 453
734 118
839 535
459 596
577 425
596 371
173 478
620 9
658 874
786 247
993 409
477 104
541 703
230 352
892 853
362 184
537 756
754 524
723 225
141 354
252 738
887 835
803 230
163 7
951 38
303 177
166 910
975 428
867 751
135 213
232 610
374 813
497 578
595 249
353 742
724 979
746 119
230 172
250 870
414 39
860 990
845 833
298 516
10 144
485 114
846 85
809 575
392 464
798 216
693 302
324 327
915 988
623 831
650 83
445 565
394 277
894 752
312 246
664 75
132 417
47 598
195 323
158 341
282 985
782 398
455 162
935 148
541 61
464 767
47 948
468 735
274 112
789 81
464 654
28 7
312 587
972 238
104 830
79 628
363 289
326 439
199 959
251 427
431 351
14 368
455 742
256 952
173 433
544 203
965 661
602 625
876 112
288 521
553 19
273 523
166 494
829 166
870 739
706 723
601 319
107 66
879 800
799 685
491 95
690 127
548 376
479 577
639 418
927 271
433 127
235 311
590 591
457 881
349 291
704 222
707 657
880 575
846 356
573 500
810 966
23 535
29 598
161 154
361 126
694 296
159 627
384 163
703 522
25 183
125 126
860 247
552 672
275 699
646 862
975 678
903 69
63 824
564 755
910 995
196 223
785 814
345 392
57 375
202 840
901 676
524 397
543 371
142 568
569 268
881 546
128 454
20 220
259 892
38 613
774 77
615 720
318 473
712 260
273 584
657 314
243 442
934 278
204 55
946 704
986 422
216 477
414 622
327 443
184 59
941 871
360 924
696 86
569 200
706 115
521 119
123 431
941 627
459 929
136 412
209 826
564 901
106 662
466 661
293 42
662 541
13 219
790 509
443 770
706 644
744 623
406 776
529 389
610 104
831 57
580 848
67 831
469 715
303 163
92 666
18 533
202 502
315 189
614 563
374 728
723 221
25 448
922 126
870 792
62 805
620 887
513 427
652 231
842 265
862 716
168 472
280 818
120 49
746 941
340 574
396 760
208 953
186 164
61 505
599 536
137 628
608 949
827 405
556 768
443 428
357 238
158 977
661 38
419 391
167 797
402 60
465 69
599 894
501 567
716 570
272 739
77 112
333 454
281 603
375 847
363 911
968 827
570 211
437 88
590 150
959 487
90 124
74 857
399 28
732 643
539 817
540 622
646 316
484 852
583 584
113 902
755 499
332 96
62 73
389 231
119 104
985 378
513 723
921 994
630 540
173 821
564 186
583 878
677 485
808 620
937 264
442 950
597 318
429 732
985 20
201 517
277 856
360 662
627 888
669 611
321 797
840 827
52 667
891 7
532 472
729 313
287 369
731 839
922 944
904 667
318 902
853 728
47 273
218 929
274 911
225 91
763 993
58 291
720 974
168 293
496 914
760 319
558 246
617 602
889 157
512 986
914 718
384 333
646 629
719 33
353 872
368 996
768 739
162 334
736 151
438 35
810 926
978 44
29 542
327 793
163 840
6 246
335 590
708 468
730 556
414 91
54 226
412 267
349 958
902 444
392 565
690 986
626 988
590 67
21 332
349 815
730 846
893 146
640 122
400 605
591 607
974 333
613 51
171 96
264 862
581 533
273 528
848 396
479 166
502 717
20 753
863 716
539 650
332 388
869 379
800 862
947 737
341 178
14 200
881 421
166 7
829 733
526 807
588 36
551 432
554 84
118 191
299 627
799 906
588 955
520 427
297 86
170 748
389 526
672 102
891 874
97 993
411 379
507 722
880 72
933 466
274 721
905 625
410 49
925 537
308 912
700 402
884 695
634 193
649 628
870 966
136 513
266 592
900 364
644 697
166 685
637 954
468 461
92 497
954 404
130 210
24 593
991 915
23 925
699 473
441 424
598 606
261 765
104 558
286 320
16 868
381 94
310 90
775 900
997 820
535 373
599 704
184 406
441 138
841 538
958 673
686 400
210 313
474 450
863 989
115 460
78 192
409 341
561 794
101 33
216 821
343 228
128 507
57 459
720 389
122 675
449 689
930 160
885 833
556 938
1000 36
603 65
82 695
16 260
241 128
276 897
868 123
890 543
446 465
375 85
12 907
590 488
920 660
263 794
838 998
593 341
597 261
449 253
765 975
476 722
613 747
669 777
374 49
838 640
51 206
914 176
933 148
1000 63
276 818
155 60
909 363
583 84
655 379
344 243
524 518
299 893
364 285
867 334
260 608
618 735
724 892
468 259
514 415
308 884
974 525
188 130
795 362
669 128
184 809
356 141
944 767
853 513
432 291
751 985
13 378
400 769
44 336
942 201
67 753
966 472
487 660
111 728
849 583
262 298
253 183
436 585
897 969
36 387
737 266
297 953
965 266
954 125
367 527
608 697
576 320
195 115
253 409
328 848
883 62
149 334
423 419
315 570
778 190
63 136
725 665
985 978
270 498
20 221
490 87
223 438
439 661
206 640
707 125
946 927
229 225
394 310
949 216
200 505
219 311
795 718
388 808
599 40
640 465
240 405
748 565
473 49
237 56
739 778
761 710
542 363
434 415
468 764
783 910
388 477
652 770
446 303
52 866
347 806
994 311
98 224
819 128
602 304
398 829
807 675
98 83
468 65
697 589
501 7
140 291
268 488
531 466
334 601
939 777
780 275
981 510
469 714
823 495
1 604
408 141
439 486
356 790
283 666
395 836
344 924
906 600
192 336
728 770
656 47
620 880
713 82
552 464
145 558
292 811
41 621
595 82
619 424
747 383
474 745
239 299
132 919
889 994
428 42
157 484
304 24
167 655
538 801
850 15
157 405
738 563
133 668
595 801
667 347
697 666
569 702
988 816
380 744
669 363
463 948
103 735
309 108
205 139
522 95
342 492
238 45
42 504
124 483
963 880
964 479
860 536
452 205
630 738
77 802
781 839
394 28
346 773
423 907
545 225
144 710
592 196
757 662
773 913
868 273
679 297
29 417
838 697
878 718
496 120
614 912
226 945
78 918
778 968
411 225
839 33
930 799
571 847
889 352
563 227
72 646
784 684
883 894
420 192
97 821
688 932
378 854
400 28
97 778
495 765
776 455
779 536
836 735
763 617
417 831
325 94
143 877
311 159
810 746
595 272
935 484
482 619
466 420
908 83
287 150
907 484
571 267
76 939
825 898
282 306
546 711
909 887
470 663
897 791
1 346
202 717
41 585
650 633
832 844
483 776
713 223
434 552
409 862
525 696
999 321
693 566
234 205
920 334
79 423
671 227
713 313
384 27
409 632
708 100
531 549
825 832
993 650
388 962
696 723
626 812
185 82
459 351
593 881
894 549
627 362
795 477
501 665
195 758
878 25
166 544
833 360
264 957
156 251
804 831
218 300
146 449
350 801
835 439
658 420
347 480
551 435
429 575
302 439
780 702
35 728
951 862
147 710
39 620
133 487
532 723
627 855
520 59
623 110
409 476
947 92
676 422
549 944
473 549
260 539
274 718
224 493
810 428
204 659
425 842
874 635
526 352
729 276
73 216
457 121
790 277
244 791
226 294
376 391
141 271
680 95
273 415
226 409
121 181
76 905
16 71
605 155
762 438
486 222
162 736
14 833
116 111
444 550
85 984
638 172
384 217
607 723
79 266
48 86
374 850
582 407
451 147
715 818
333 171
334 252
965 400
875 552
270 612
403 482
726 187
815 904
401 676
682 575
864 822
95 518
974 319
668 766
15 321
608 381
383 798
212 594
389 28
63 117
526 631
929 127
640 502
881 358
631 111
593 426
7 626
265 407
893 407
925 404
703 138
216 370
70 637
677 555
894 803
240 250
4 923
186 866
568 118
566 513
400 408
700 627
972 232
631 37
799 873
729 37
820 404
553 375
610 864
406 381
282 775
122 70
710 463
711 34
161 898
627 819
210 549
174 888
412 565
995 240
689 593
230 691
781 1
255 196
975 255
443 966
780 182
942 492
934 624
374 621
305 42
107 354
794 94
488 738
581 118
653 297
785 625
549 488
291 504
760 231
997 710
238 958
239 33
399 582
228 916
229 445
157 432
788 326
860 987
538 893
220 384
885 546
922 476
689 511
11 215
314 107
512 336
91 37
354 817
826 733
375 869
135 726
324 677
517 594
789 797
902 20
975 966
869 79
690 882
855 44
409 759
343 431
684 460
209 380
614 959
251 921
380 227
950 691
972 991
475 721
207 882
62 83
246 668
941 980
856 576
454 937
809 590
4 1000
26 672
522 877
545 1000
251 231
316 243
974 644
665 803
356 426
29 476
268 564
217 164
870 388
131 244
809 872
222 439
478 93
601 107
216 108
434 159
292 257
735 127
648 57
957 17
744 706
853 480
322 616
948 468
808 319
93 299
162 95
630 242
443 772
245 144
246 203
178 107
648 279
80 841
937 105
396 5
288 646
236 324
610 473
198 204
248 138
133 718
32 667
987 737
111 537
836 922
328 177
664 555
856 801
541 903
999 463
305 167
343 363
561 502
963 422
266 218
728 545
197 994
920 121
556 303
594 118
43 388
116 214
48 30
102 929
341 759
206 326
418 96
826 101
55 373
646 824
902 470
81 218
488 228
345 541
806 690
849 221
799 569
884 407
524 435
211 920
455 5
573 986
78 424
200 58
727 5
180 504
772 516
310 591
186 585
259 233
820 776
328 740
293 648
241 79
425 256
389 229
137 148
322 136
24 947
666 805
369 227
721 342
997 481
769 335
531 53
311 270
46 410
207 628
356 590
506 63
736 912
274 457
577 160
743 759
959 522
784 518
322 477
658 99
236 123
972 391
645 359
558 568
960 327
886 116
633 10
106 938
715 380
226 511
408 568
904 669
634 388
523 383
982 970
306 171
398 683
470 99
899 386
775 623
657 340
25 418
67 571
802 570
859 567
568 840
382 96
920 433
477 340
922 195
64 743
357 814
413 972
286 362
205 362
444 754
871 821
193 950
660 418
823 950
718 152
353 584
730 554
413 238
237 554
522 286
500 113
574 586
42 699
461 179
683 36
587 973
626 813
600 900
696 835
946 823
178 653
660 803
159 850
521 137
86 125
489 869
290 910
26 664
65 182
271 330
94 299
973 540
96 944
415 808
229 764
602 326
976 723
991 72
942 644
468 11
74 398
312 631
366 548
592 227
994 331
21 174
74 192
572 231
889 93
692 568
567 956
846 343
932 239
452 553
629 99
685 465
265 363
728 844
838 241
732 876
35 228
59 250
187 33
888 402
110 667
831 729
723 448
409 904
585 39
555 651
243 783
280 923
281 326
157 427
448 721
803 457
362 891
625 951
998 215
903 98
674 358
824 583
898 638
228 215
944 224
886 506
822 193
56 928
149 158
581 614
33 432
897 431
61 514
25 532
340 770
377 981
877 864
952 457
492 386
863 669
220 945
43 904
670 311
69 920
530 410
883 811
590 494
459 88
795 514
189 303
942 855
318 237
321 159
929 856
863 435
597 259
575 348
105 770
14 452
625 203
237 261
274 273
937 215
406 370
905 433
501 176
374 422
621 159
507 515
607 92
639 405
676 475
951 579
610 67
496 367
98 431
974 399
211 244
891 598
144 203
273 489
760 411
979 251
46 38
527 605
490 761
932 3
735 734
10 639
343 721
36 175
603 965
654 707
569 853
10 13
989 240
917 403
443 276
1 757
157 542
405 998
771 562
186 126
258 643
561 90
195 228
305 356
538 404
368 784
423 460
387 842
518 870
689 510
820 608
280 149
104 953
521 406
229 239
588 426
316 741
480 859
9 219
462 607
912 932
51 624
342 49
329 886
57 199
446 499
817 717
489 940
881 402
458 421
664 328
939 318
498 930
891 89
782 280
308 359
414 954
761 693
504 714
636 243
284 152
836 365
895 518
199 15
181 512
666 992
703 399
62 285
725 67
925 641
433 579
697 738
469 746
240 83
458 22
991 384
273 537
563 1000
288 441
970 141
679 615
729 290
114 854
596 182
598 612
780 269
875 137
72 586
435 472
109 721
383 438
794 145
942 9
827 859
420 275
477 222
702 279
297 616
983 596
75 687
704 600
758 992
121 477
28 895
77 762
589 590
742 984
314 92
352 135
280 932
723 504
836 185
49 217
819 909
202 905
850 13
834 912
12 442
819 826
327 967
3 713
143 518
121 680
287 641
2 531
132 582
168 791
850 815
797 340
45 463
217 602
604 834
129 924
59 607
556 712
318 504
47 666
877 663
968 909
445 414
911 242
569 15
933 534
846 989
282 696
471 552
368 343
784 169
9 977
851 950
626 96
921 912
259 281
1000 295
869 550
53 553
341 113
613 545
744 656
543 847
434 128
293 203
596 500
339 773
141 7
736 767
553 479
438 587
847 677
852 205
92 562
892 734
705 547
218 829
634 389
282 30
72 614
553 249
790 254
420 909
444 309
853 598
857 531
702 849
475 400
338 104
232 763
267 428
310 450
257 246
75 103
104 565
361 426
289 709
469 959
571 235
645 988
525 694
34 371
516 847
650 345
505 905
564 775
814 868
573 795
103 620
42 696
410 848
663 895
189 552
820 718
698 286
521 319
61 622
318 103
854 405
527 369
12 994
355 289
75 286
368 740
384 601
229 537
54 2
753 151
118 259
528 811
564 153
568 92
715 223
146 301
679 376
791 642
355 220
868 754
303 100
202 212
527 780
278 418
852 771
946 376
32 792
179 91
739 435
575 537
135 764
942 756
230 570
1000 933
87 979
93 274
59 430
973 974
44 698
652 441
767 502
205 969
740 958
456 562
634 622
149 770
41 905
244 128
301 455
487 284
54 641
239 399
519 585
923 404
943 601
125 372
224 43
10 442
638 210
840 357
303 789
189 904
194 574
908 294
859 816
201 446
756 424
745 185
672 393
999 862
319 251
431 925
215 58
16 660
823 699
368 979
594 353
8 516
843 578
113 865
521 458
388 823
355 828
272 972
206 581
319 814
412 220
489 951
218 159
894 739
756 667
1000 453
657 548
548 935
237 482
887 40
744 970
598 930
817 898
255 642
665 647
316 774
562 618
703 417
193 245
710 434
624 831
52 824
374 423
930 837
226 230
191 804
729 197
804 273
41 203
888 610
556 963
943 174
1000 784
876 131
771 121
809 206
225 23
379 966
303 500
116 431
888 320
196 263
198 746
642 105
989 94
862 724
990 425
993 155
426 780
903 274
580 429
118 612
895 276
716 543
353 661
234 240
992 460
817 183
964 34
766 146
252 974
864 246
862 897
996 403
667 661
837 717
569 679
720 469
955 414
601 917
967 675
154 215
346 10
589 126
26 908
479 874
355 856
284 324
324 581
55 983
593 404
636 249
657 631
12 938
159 789
535 882
714 271
958 111
616 66
783 64
217 57
53 419
346 735
274 80
807 894
4 121
423 625
194 283
861 657
919 497
836 785
78 953
948 295
363 257
790 518
185 606
425 998
47 27
3 461
792 890
636 198
397 599
361 625
314 726
844 566
919 68
581 421
356 1000
654 275
362 365
535 20
921 352
671 692
49 365
595 486
584 926
282 477
513 431
515 233
827 203
793 37
791 364
172 508
580 385
638 155
718 275
974 185
791 477
831 528
524 248
182 92
349 549
730 596
197 625
551 614
958 636
816 21
930 5
2 528
612 743
793 267
939 154
834 681
988 960
177 606
778 783
570 223
4 537
423 754
850 703
579 391
212 868
473 368
953 62
203 939
955 664
599 201
695 602
113 954
665 995
284 479
772 4
948 118
803 941
952 113
660 802
772 292
557 742
707 265
969 978
147 830
501 341
528 479
180 536
304 704
340 196
982 383
737 568
886 219
273 150
573 3
331 408
761 291
282 236
925 902
948 601
397 237
148 725
793 536
313 998
390 638
934 540
282 862
714 58
625 589
779 618
482 614
908 78
370 711
597 986
785 430
733 16
951 473
59 65
228 584
615 76
802 939
585 9
568 825
533 809
239 328
884 19
124 664
824 830
571 91
441 370
941 453
600 761
418 130
185 885
457 760
778 226
198 826
86 695
87 106
713 399
567 316
399 350
39 199
96 391
519 185
81 85
65 584
726 391
68 853
713 536
18 446
91 156
517 936
20 144
887 58
519 206
704 885
835 13
871 763
603 121
181 899
238 204
366 385
351 343
798 786
910 360
75 273
609 825
80 169
8 470
198 601
398 47
21 714
888 609
160 96
697 319
875 124
901 205
562 583
504 515
204 936
868 391
761 996
781 312
909 323
415 526
678 128
202 217
995 796
390 824
799 660
657 123
408 743
175 383
144 225
608 582
844 638
297 389
652 265
692 570
715 747
80 930
27 685
975 148
656 219
840 392
54 646
880 953
261 872
262 435
508 637
415 211
992 178
927 52
573 508
162 366
202 639
612 970
224 923
208 496
44 142
559 537
818 421
163 872
37 783
725 417
663 591
243 22
760 940
825 752
942 807
685 804
941 698
472 675
219 446
593 141
497 816
370 62
81 433
420 44
484 10
668 313
591 575
25 538
484 921
583 639
964 387
358 950
786 883
401 443
988 537
916 366
815 600
797 61
555 119
540 705
246 294
891 191
29 324
496 165
288 177
877 17
951 782
53 511
423 733
728 383
52 825
499 996
105 913
35 582
588 810
192 905
293 130
97 769
424 79
995 824
814 476
762 21
786 261
571 761
494 584
403 815
444 129
123 395
99 56
506 497
807 115
231 88
992 880
809 350
496 591
25 495
776 529
886 348
796 588
391 168
322 967
767 203
235 298
771 888
560 547
172 281
529 984
731 559
42 829
82 42
284 786
728 584
894 85
767 809
557 27
872 627
689 99
622 171
732 7
976 572
493 501
902 489
315 705
138 74
840 96
427 24
263 438
416 471
931 408
132 797
897 280
238 426
760 678
377 774
327 656
682 929
901 321
460 55
486 343
55 531
915 221
494 370
538 869
585 661
961 280
467 595
69 779
714 752
513 635
901 516
424 382
413 395
208 725
47 196
334 959
711 221
105 24
592 363
352 896
888 818
687 788
13 837
594 499
924 473
122 89
361 999
639 412
853 911
494 793
979 493
981 265
305 792
540 283
398 547
648 282
649 551
979 296
503 842
269 782
861 852
421 595
923 305
136 989
448 863
306 277
953 822
320 19
610 327
957 722
999 123
694 495
775 410
254 54
594 851
851 192
727 621
766 429
382 474
24 235
651 361
31 475
309 293
850 792
862 979
916 9
684 503
850 11
390 110
46 764
12 436
404 755
290 50
596 925
661 33
920 76
367 64
685 987
543 461
769 384
81 432
868 842
869 31
372 537
926 110
898 727
99 668
336 58
584 272
940 119
133 971
155 527
48 605
52 189
682 788
699 670
170 64
359 948
270 159
327 410
494 505
183 785
969 478
437 615
829 293
332 323
400 842
963 547
838 701
252 554
678 10
882 689
776 30
100 630
431 238
262 798
151 255
890 23
146 290
804 731
571 688
358 731
60 187
34 312
120 662
211 193
126 428
363 10
330 209
791 60
740 900
559 448
249 944
504 164
212 221
269 818
399 967
623 969
240 686
6 687
600 190
720 152
407 675
842 199
715 607
628 724
79 28
906 632
837 64
490 189
45 109
653 366
415 143
326 606
385 168
392 732
618 523
671 94
529 561
567 25
626 759
93 658
441 369
68 616
251 518
819 792
641 8
509 834
826 4
212 553
759 934
318 696
335 762
484 128
663 608
34 83
379 862
651 67
846 242
685 848
264 756
800 518
708 247
497 228
940 290
122 763
582 875
142 868
808 896
458 537
720 188
424 905
556 850
686 821
393 178
86 1
252 505
248 66
916 314
714 262
646 359
977 336
15 188
200 787
812 522
141 581
393 364
889 479
994 640
386 767
683 895
886 794
672 12
322 397
294 815
412 702
565 480
454 33
174 526
57 697
425 829
687 957
601 436
620 496
914 363
862 77
795 20
46 158
842 25
257 901
790 297
203 549
359 66
987 701
420 454
171 840
154 182
83 4
566 517
539 468
131 666
206 322
77 557
33 920
620 948
90 731
615 115
29 588
945 67
638 208
287 916
914 958
81 773
979 796
220 328
295 286
557 71
650 379
655 718
358 762
94 940
928 808
65 698
509 727
536 493
789 773
665 271
741 28
537 33
696 755
642 745
95 659
21 732
371 667
637 309
801 72
655 797
164 792
807 118
475 713
132 318
540 595
156 164
854 439
431 354
158 494
454 577
521 170
963 733
913 432
587 345
293 478
900 202
761 670
703 263
235 778
731 710
680 596
570 712
865 712
669 772
849 12
711 137
839 84
297 181
703 485
942 679
843 238
554 855
222 249
946 237
17 199
316 469
684 968
757 142
150 84
174 94
647 72
644 666
761 52
245 331
339 138
257 131
791 330
541 959
230 96
893 672
399 164
188 620
241 432
194 657
395 394
659 390
559 811
129 122
675 211
517 700
462 273
908 920
140 557
453 690
279 986
326 172
608 380
80 865
369 264
831 178
66 360
673 816
410 918
843 608
608 491
321 467
220 993
422 365
599 928
285 187
904 331
445 821
462 973
284 501
365 254
591 816
531 29
290 949
359 44
467 451
527 73
14 52
258 90
21 750
703 392
762 852
264 343
840 950
565 439
749 442
584 305
293 212
331 353
403 620
972 883
969 743
454 105
807 559
994 18
406 396
248 432
856 47
805 218
718 853
828 173
991 675
204 727
444 166
280 43
156 530
508 849
176 660
206 408
964 795
49 355
747 84
841 159
144 441
495 954
960 250
244 250
615 981
121 369
283 526
289 589
494 353
37 531
828 354
757 388
997 661
745 452
598 860
819 609
513 478
547 394
714 329
326 627
864 438
244 408
564 959
943 640
233 137
286 157
125 427
346 424
539 673
220 385
148 230
96 159
833 938
940 906
888 171
678 937
569 592
896 224
110 432
536 263
314 189
537 352
559 833
323 112
404 430
870 297
33 396
287 531
134 130
797 450
393 4
34 814
481 835
924 971
339 340
933 531
475 561
812 656
264 902
377 515
393 230
513 725
218 341
327 405
347 635
791 522
721 330
640 720
125 674
18 28
950 957
259 282
616 207
299 525
730 347
568 50
626 344
3 493
331 188
792 698
244 747
199 147
915 646
62 316
835 764
486 536
14 933
482 736
843 217
361 442
227 33
597 26
815 87
894 236
809 106
654 322
149 634
611 803
49 318
580 318
367 372
75 622
344 637
275 829
833 174
461 666
83 216
727 643
896 575
714 282
453 310
828 262
297 730
120 83
428 116
656 415
286 827
633 283
392 733
319 482
196 127
931 228
825 617
996 454
867 982
779 40
67 490
570 415
608 198
717 284
804 518
470 852
966 809
8 619
531 665
583 52
555 367
976 184
910 224
66 336
873 832
752 671
848 386
9 16
321 262
798 784
293 680
590 406
735 117
462 773
88 678
325 711
173 787
839 482
363 429
975 167
122 188
36 620
271 455
679 458
402 370
683 911
499 778
151 173
208 557
836 102
503 638
970 369
697 543
239 980
114 955
193 264
691 57
732 731
821 646
218 877
865 510
61 241
871 256
418 203
199 647
974 571
896 765
70 240
138 49
357 620
453 153
690 436
874 169
514 70
366 517
756 149
684 666
675 425
399 170
897 999
453 588
959 745
461 113
758 713
90 877
508 204
552 602
435 428
918 633
838 490
281 612
101 43
449 538
656 552
539 977
646 919
78 373
815 772
906 32
964 382
823 549
518 93
996 175
742 959
15 509
798 73
155 758
800 769
233 558
977 927
450 825
581 412
332 309
209 582
32 89
677 423
53 509
649 222
578 172
990 383
658 919
130 733
278 333
388 261
706 264
925 554
56 211
359 306
514 631
74 430
662 551
620 147
847 745
80 723
615 637
743 392
265 935
986 127
236 462
164 179
862 46
874 600
75 601
537 939
704 55
79 945
853 666
268 32
508 701
839 923
205 635
957 716
944 757
637 600
966 282
970 809
93 902
24 691
261 842
353 825
768 562
966 693
440 931
176 679
794 458
33 532
267 368
842 510
438 493
543 90
121 551
767 221
262 661
73 644
478 909
409 650
105 251
379 500
141 835
975 334
474 416
627 154
419 609
186 348
436 996
788 113
863 991
648 644
385 546
544 981
963 13
671 452
142 690
237 784
385 595
116 691
707 496
946 872
743 36
310 535
337 575
606 771
750 33
384 516
369 250
497 397
722 702
432 20
380 525
469 47
576 755
668 131
477 341
853 137
873 715
268 561
640 612
941 38
3 631
321 921
890 456
820 373
109 794
277 702
593 597
758 393
9 740
528 532
586 278
303 231
386 966
50 91
197 280
19 684
67 684
182 535
974 627
300 934
504 249
582 20
197 58
988 347
1 455
310 331
284 865
439 109
405 429
323 748
106 228
70 331
145 544
827 204
386 266
405 30
541 898
945 57
580 265
129 468
975 365
410 567
33 560
864 38
408 12
872 593
582 464
453 516
916 236
93 573
332 987
228 782
120 389
104 778
837 686
986 360
560 816
399 327
748 778
591 467
78 258
25 950
744 314
19 357
656 624
669 744
328 705
772 626
404 286
958 861
531 749
973 128
32 308
216 529
911 254
125 607
864 721
762 548
869 320
820 132
380 371
807 910
991 189
938 75
888 231
958 14
924 596
544 334
325 627
569 237
791 634
259 285
39 560
948 151
456 845
517 390
922 630
247 995
531 278
992 766
517 279
633 764
248 606
1000 589
72 652
109 911
221 373
594 753
747 563
554 878
726 742
286 659
514 602
164 203
263 365
888 669
410 87
710 42
143 630
970 911
629 394
98 706
503 985
895 459
862 256
294 710
317 661
214 819
196 346
645 951
278 800
154 882
487 730
951 75
611 766
480 364
802 793
489 498
92 185
789 13
719 844
868 522
231 550
750 562
825 729
243 172
480 586
817 333
525 916
531 555
931 453
802 106
752 769
878 193
534 541
190 199
313 968
861 797
582 873
859 148
660 995
151 744
941 902
484 887
252 507
185 310
649 455
523 490
670 367
658 271
363 543
532 276
200 789
163 802
649 80
101 664
415 981
881 47
991 38
739 217
503 981
818 112
322 395
360 618
142 166
255 379
769 840
972 337
576 938
481 298
141 285
269 225
349 127
782 865
653 961
92 571
473 559
827 584
202 285
581 489
981 463
505 510
163 320
571 591
844 633
653 93
41 909
338 185
379 943
969 105
166 823
343 697
624 433
898 166
708 273
489 93
722 117
727 388
853 825
491 648
718 249
478 918
51 972
572 518
690 492
8 953
650 456
199 253
104 834
216 828
566 44
548 495
107 841
937 892
497 821
391 27
285 36
507 508
15 335
149 910
403 41
260 358
255 624
565 925
52 192
790 322
316 589
356 350
310 699
228 239
173 997
268 959
765 599
514 931
587 347
627 618
169 838
173 886
963 620
409 980
14 94
813 806
777 272
551 290
240 44
97 917
625 290
908 973
585 680
89 313
273 194
393 514
511 118
592 416
792 956
601 869
943 197
250 236
821 665
329 251
554 996
520 172
960 51
448 199
965 814
503 867
480 232
28 626
311 494
953 799
92 317
560 599
216 234
391 165
709 442
913 685
861 111
130 177
6 516
311 263
469 898
71 850
124 630
607 684
665 173
149 4
405 106
813 29
228 515
543 180
871 235
894 118
215 263
876 579
606 620
55 510
962 744
859 784
846 14
703 643
726 890
803 377
885 733
686 550
971 600
902 14
585 426
375 784
266 356
20 331
910 686
760 536
998 566
621 681
964 405
696 768
787 427
881 260
610 730
113 914
758 762
320 532
851 816
467 743
213 471
195 692
656 834
511 726
846 629
868 149
263 887
677 457
261 503
905 246
619 694
378 232
910 65
514 822
433 582
804 595
535 733
614 894
430 405
88 44
913 102
456 560
532 657
562 364
959 754
728 124
1000 993
892 695
715 342
292 493
772 773
738 45
683 756
154 281
631 730
466 296
156 620
340 497
857 649
605 315
521 515
465 608
602 895
16 118
639 424
888 352
372 49
945 175
219 910
906 897
462 38
301 156
84 732
582 311
305 217
362 922
698 848
497 689
903 131
240 1000
999 346
512 532
875 712
91 377
897 46
486 506
586 540
517 670
159 49
689 285
640 231
953 352
185 206
101 98
177 594
309 117
647 301
635 563
854 275
877 658
719 394
254 723
699 546
646 239
557 448
831 33
134 275
947 540
536 197
771 27
134 418
657 599
658 296
803 849
464 338
991 188
584 576
566 592
99 93
535 624
207 483
606 319
308 614
19 493
170 643
876 33
215 776
330 77
921 550
631 777
154 447
193 467
625 628
785 247
288 585
198 76
861 772
53 839
521 182
282 27
727 725
840 513
503 811
287 270
514 350
774 788
296 851
615 874
11 760
512 803
607 454
349 498
831 850
917 697
779 767
11 841
486 53
362 111
58 292
441 404
532 128
375 743
15 950
948 921
880 639
330 859
37 646
573 564
888 90
559 513
926 284
289 841
935 726
412 41
536 357
629 638
9 69
983 187
363 978
513 75
56 906
574 588
646 937
975 535
868 894
30 386
103 760
643 949
475 881
63 94
177 975
128 309
437 309
129 620
39 33
441 818
564 320
693 100
809 639
423 983
890 626
856 574
708 551
289 471
308 437
707 292
610 629
807 941
415 214
563 441
251 165
70 667
860 793
644 222
493 800
960 667
152 968
485 844
424 456
613 576
652 592
544 73
249 309
732 472
473 957
773 656
875 823
960 441
83 698
377 89
892 648
491 33
808 253
541 517
193 447
748 79
822 962
474 884
718 659
813 645
740 955
302 122
435 535
829 292
861 701
153 202
192 352
16 190
897 731
111 607
516 635
137 862
637 547
917 377
849 595
421 842
922 289
382 273
530 131
172 87
361 26
34 144
769 35
73 750
571 123
132 741
663 760
499 132
104 820
341 681
413 204
766 202
572 519
395 507
566 45
956 681
539 979
996 218
635 522
858 231
903 4
631 510
759 677
523 135
503 107
910 729
798 809
592 982
848 96
151 527
6 278
656 871
772 361
702 238
235 567
397 284
859 401
74 635
717 979
96 995
539 269
428 994
565 303
482 119
669 769
706 278
628 187
587 440
511 927
457 339
739 69
278 323
425 909
333 812
839 230
395 533
18 772
222 252
667 401
649 958
45 605
887 762
224 384
953 662
739 291
763 272
50 4
74 142
404 994
461 719
723 132
857 590
605 248
291 16
954 432
542 731
193 854
913 573
418 885
699 492
131 520
686 218
335 1000
504 300
694 289
16 952
880 647
812 821
203 528
426 555
834 697
447 371
927 165
396 563
825 679
475 106
846 15
439 975
99 902
815 964
349 818
559 942
620 712
241 489
628 195
6 65
745 41
731 202
452 505
327 767
272 783
299 102
742 974
891 384
214 151
967 559
474 192
336 84
351 282
445 961
74 957
583 748
473 672
56 15
882 935
186 926
541 24
13 927
342 789
659 85
792 562
422 221
998 992
929 751
934 120
536 567
97 583
683 952
334 788
748 866
337 859
937 53
39 557
615 530
317 203
781 380
729 187
692 809
921 585
90 395
758 62
61 198
779 871
193 502
507 87
126 436
511 250
884 576
305 877
88 331
525 89
837 199
508 707
918 91
314 772
831 825
597 583
836 897
283 515
750 843
861 114
741 524
297 739
906 723
173 80
686 845
948 889
963 431
525 652
413 641
680 459
771 532
168 767
941 377
638 126
50 767
197 636
110 439
220 307
760 1000
67 384
215 8
306 804
825 812
609 709
225 732
392 401
945 763
160 925
949 147
841 570
688 163
467 932
798 936
731 71
309 229
682 897
351 382
725 557
942 806
897 874
191 342
345 34
408 356
113 14
920 724
264 24
798 725
70 700
489 771
398 199
971 131
189 194
251 265
895 544
566 704
802 908
91 736
611 505
388 328
338 655
855 738
531 280
550 84
255 470
313 492
890 19
583 20
187 719
743 466
316 525
819 386
32 976
362 315
179 867
843 312
58 592
944 593
762 184
537 911
306 162
328 502
753 523
202 275
809 265
49 396
159 195
286 435
892 954
839 605
607 449
666 53
499 284
542 640
658 689
786 935
422 770
573 450
996 739
105 853
414 489
272 395
225 429
408 251
724 961
33 722
824 707
306 742
860 1
547 471
314 237
388 660
225 542
840 219
923 861
963 280
954 61
573 789
209 2
137 765
638 997
531 557
741 762
559 127
648 719
600 796
432 958
713 811
733 576
755 184
938 376
812 337
940 286
376 886
85 497
102 561
195 337
142 872
328 590
560 265
462 921
526 530
584 671
604 578
643 850
592 122
275 182
648 956
314 139
647 566
281 969
716 27
593 352
265 349
568 98
990 857
26 530
744 867
912 543
948 373
588 940
164 316
187 525
614 948
668 116
800 164
912 430
199 866
113 485
683 529
61 157
524 539
122 99
930 938
383 22
311 469
444 250
416 396
395 589
184 679
170 902
736 747
304 412
336 781
278 992
995 590
19 579
139 298
106 171
533 630
676 519
598 368
448 522
179 650
163 49
629 142
677 921
267 95
710 833
452 81
976 937
870 59
354 757
953 445
970 613
883 188
646 872
558 356
67 459
343 14
884 274
632 235
744 485
569 766
237 920
256 148
225 772
834 746
427 64
301 679
472 599
70 119
630 768
479 892
377 990
947 550
17 605
256 455
977 771
816 655
781 659
764 77
472 885
626 42
221 838
536 830
132 436
977 924
797 103
502 849
160 18
824 121
273 789
481 618
279 281
84 433
946 564
770 710
682 10
407 183
697 719
293 60
540 19
355 335
122 78
964 979
288 404
382 916
218 733
549 235
94 40
187 646
353 370
622 514
934 910
447 809
835 983
398 763
331 564
473 437
174 98
124 793
25 498
44 442
886 337
634 310
671 879
641 648
624 320
528 6
323 550
382 419
989 201
438 113
120 142
31 482
823 70
699 92
298 607
816 144
586 878
393 673
964 40
770 123
72 96
852 668
335 521
655 558
585 294
659 555
860 376
129 792
242 899
461 227
228 242
335 702
560 523
512 455
358 123
759 539
797 506
446 152
730 783
859 161
773 57
522 51
781 806
229 889
454 534
954 338
647 745
445 817
356 380
751 853
185 364
630 526
646 291
316 962
891 94
51 279
215 536
915 446
735 321
882 823
612 156
156 134
606 438
991 120
95 183
80 404
317 89
28 236
340 174
602 313
910 246
325 11
94 117
518 523
98 104
316 151
245 247
66 970
140 325
714 814
326 24
510 230
544 225
261 720
456 641
383 46
900 919
710 205
398 727
2 132
315 183
98 317
761 107
525 88
948 865
954 482
477 215
500 104
572 785
569 777
749 907
953 682
607 637
75 676
793 977
206 190
409 984
157 586
175 641
272 416
550 983
791 475
371 106
371 168
466 874
175 886
385 240
519 429
636 822
980 647
486 504
788 306
647 9
206 971
210 502
798 143
926 448
983 145
622 467
453 658
291 681
462 736
428 464
447 116
967 637
664 30
719 568
405 576
392 353
526 644
674 139
612 451
483 177
212 977
23 358
181 986
958 162
597 482
890 604
126 906
161 262
77 682
314 157
543 925
6 852
497 319
26 575
961 104
696 235
237 309
311 722
238 630
296 281
869 944
525 593
430 324
678 134
456 991
865 613
900 428
98 12
120 556
961 138
264 454
619 946
505 118
253 720
625 357
911 754
539 149
154 445
92 608
945 414
32 977
396 82
625 502
329 177
257 956
538 295
979 203
47 283
805 843
678 459
853 420
867 542
724 125
282 392
479 586
844 822
6 563
430 883
215 33
399 736
20 747
488 923
978 602
34 283
606 667
310 116
572 799
367 397
573 562
480 367
353 727
644 897
564 927
980 564
799 16
362 783
842 565
58 4
984 862
270 657
661 64
488 124
523 35
548 502
290 450
219 424
310 769
459 505
833 724
656 607
752 772
952 326
688 128
870 772
506 679
277 430
591 726
866 779
87 311
924 858
781 767
899 524
920 561
263 545
446 285
566 562
661 742
283 96
375 286
605 701
277 642
137 401
178 201
232 70
917 850
517 264
501 672
818 825
821 642
740 982
889 500
191 926
221 455
370 771
97 217
225 12
600 240
766 701
715 737
507 537
871 482
802 743
197 255
609 215
478 744
686 77
852 317
451 380
141 488
404 814
634 757
671 936
818 460
200 11
608 920
183 194
186 98
118 427
978 6
745 273
525 723
87 457
219 150
236 840
149 207
133 586
171 267
334 197
581 844
465 251
229 98
671 351
324 330
146 598
272 805
755 230
494 126
646 907
260 241
579 436
798 86
747 890
911 285
965 19
830 327
873 800
109 494
915 199
377 553
423 868
412 219
251 101
454 954
310 702
313 394
498 950
839 301
911 928
109 16
756 777
575 503
83 909
100 981
668 856
674 516
948 219
143 379
130 550
749 465
877 156
349 215
40 839
627 909
222 83
973 649
443 642
218 484
714 779
442 598
465 863
641 892
330 131
276 644
933 880
377 228
953 947
274 954
529 176
625 527
609 130
883 607
455 910
757 58
279 444
174 210
509 193
435 738
220 148
455 799
738 473
277 203
780 214
16 811
681 559
242 591
150 314
85 899
943 747
323 786
548 217
33 710
681 952
314 51
637 295
485 10
12 398
22 836
945 844
196 194
508 236
492 681
642 932
661 120
457 698
99 537
655 606
16 759
860 488
536 462
685 659
483 263
466 715
638 653
669 406
200 483
401 11
826 283
904 481
82 397
359 825
913 186
200 626
253 57
95 771
12 929
821 149
794 648
555 73
151 898
790 512
482 311
30 771
936 527
17 346
165 290
422 211
688 709
353 277
947 848
285 585
514 821
342 922
554 18
667 337
868 502
706 505
49 986
875 466
892 492
565 434
824 587
348 626
421 490
814 403
961 173
321 782
729 185
306 90
821 585
145 472
644 950
744 602
653 896
70 18
587 132
951 703
900 751
558 775
109 944
202 509
849 878
478 390
413 733
947 445
116 394
981 353
432 505
984 694
36 203
475 317
383 668
735 587
228 595
62 931
266 880
427 719
470 611
236 769
572 258
149 150
741 748
79 469
154 572
871 921
966 951
304 611
842 752
725 719
632 292
831 332
445 513
229 186
927 953
42 356
258 816
446 181
798 942
357 326
251 975
638 681
180 449
164 974
751 906
765 389
280 273
920 824
635 559
346 920
961 333
246 753
2 826
35 968
414 689
40 594
92 107
798 731
253 534
640 725
623 418
200 844
78 877
302 417
179 470
308 754
875 109
791 743
703 427
64 311
602 282
216 81
808 373
112 34
956 789
188 399
64 133
174 846
505 117
732 716
71 322
93 262
814 286
728 91
545 571
987 806
715 375
353 42
407 845
305 911
145 742
274 898
210 772
512 806
16 112
314 848
241 922
894 181
239 480
405 749
458 583
483 818
724 860
708 313
357 853
712 828
516 672
591 236
206 10
372 310
54 78
954 72
703 631
885 624
10 224
250 953
949 979
91 503
288 847
775 187
245 834
618 492
980 779
802 247
363 983
146 627
243 542
916 115
646 940
595 948
265 135
217 702
437 385
864 915
793 409
834 823
453 342
157 2
34 847
935 23
293 279
782 446
626 4
282 740
750 221
588 200
812 565
39 256
498 994
312 933
28 55
670 482
303 255
394 697
198 483
18 125
19 300
772 406
408 929
374 32
66 785
86 340
566 674
311 561
957 255
863 447
332 675
990 121
187 636
264 483
304 688
196 998
452 520
307 263
588 652
535 375
4 493
86 235
207 230
616 605
732 583
89 707
201 921
900 679
335 66
343 599
89 620
83 10
37 643
186 79
236 532
954 411
202 644
462 242
74 716
395 23
932 502
920 406
480 413
306 569
789 188
21 34
86 520
381 196
419 507
120 338
85 704
780 992
306 795
436 670
293 819
439 533
704 650
637 100
215 50
901 709
24 135
924 618
962 469
834 319
860 436
204 432
764 216
303 460
430 306
73 815
939 188
420 807
691 559
765 738
803 925
697 386
367 265
699 732
955 822
151 633
509 929
53 343
570 611
477 619
313 506
613 655
393 434
531 116
808 559
436 496
39 554
792 759
744 720
658 160
776 171
136 714
246 229
588 576
517 730
748 232
136 601
266 744
583 367
415 265
163 352
718 754
371 453
120 835
750 480
970 963
3 280
885 244
188 772
26 91
136 951
528 489
434 644
491 957
845 678
936 862
149 927
975 487
867 678
392 956
634 679
83 151
18 700
400 651
831 325
296 588
983 646
907 220
137 297
788 681
77 286
715 427
927 166
628 95
651 32
393 816
659 557
526 758
534 767
121 772
996 206
411 549
507 412
159 767
496 696
462 932
285 181
967 953
799 425
937 638
935 223
994 633
186 554
636 38
820 173
638 620
90 398
481 539
942 888
872 212
967 223
56 385
330 736
857 657
744 169
805 273
903 900
482 22
778 987
917 792
545 941
571 685
183 675
455 702
956 993
482 888
374 266
987 989
969 378
255 29
990 192
652 377
709 376
573 217
939 915
944 729
68 391
32 661
465 757
834 934
304 309
453 348
149 803
845 586
962 806
232 535
304 132
712 769
784 254
896 472
664 932
666 254
941 72
64 516
599 556
9 62
845 331
340 945
805 745
963 652
872 598
769 104
607 930
225 608
24 647
198 937
552 535
295 173
647 408
685 869
100 475
11 378
974 381
977 175
797 476
871 719
364 615
73 790
333 732
412 237
379 98
952 394
577 601
916 301
929 243
441 651
388 134
262 619
431 288
624 514
660 810
313 443
366 718
798 728
506 466
108 258
90 277
56 413
610 988
459 1000
969 939
606 400
847 910
938 854
88 925
257 897
257 656
592 477
320 48
269 73
918 350
513 578
830 954
135 544
410 33
361 597
895 144
369 694
565 200
559 457
303 655
549 227
353 61
644 713
991 530
685 483
26 96
512 807
362 216
384 426
974 963
387 421
831 862
779 755
627 515
12 226
784 75
659 937
89 817
92 400
521 904
331 988
940 838
499 398
708 314
418 998
489 100
589 617
920 298
318 577
85 954
304 63
68 40
31 420
551 685
606 552
874 828
390 77
29 643
985 885
211 880
555 583
202 805
274 403
968 244
593 153
955 478
924 519
962 462
1000 165
888 843
712 249
622 348
470 217
682 977
424 993
764 181
640 485
424 624
43 934
410 687
664 282
829 608
11 616
895 904
363 530
74 579
773 105
339 605
236 179
421 79
95 120
759 146
83 608
672 3
194 347
289 969
107 974
352 591
654 873
922 599
152 891
302 337
122 41
105 957
840 792
917 848
847 528
995 661
50 28
433 364
966 22
959 191
439 434
335 77
780 462
119 531
624 200
880 802
61 493
945 646
804 43
55 243
718 433
757 469
102 170
374 911
50 977
482 714
162 759
116 114
230 206
723 443
617 860
963 360
266 152
488 776
140 689
579 652
771 593
612 577
820 662
927 850
987 239
418 190
239 74
901 545
370 167
759 899
962 419
338 403
497 210
11 386
985 627
358 991
472 602
74 818
105 306
203 922
609 627
830 325
116 677
68 704
588 271
110 63
772 710
111 354
998 670
30 668
207 372
790 934
276 516
425 326
137 218
752 840
624 586
324 776
259 715
171 21
338 816
887 245
312 831
574 59
723 735
952 783
221 662
517 473
991 406
832 293
243 918
32 829
235 998
397 75
843 231
994 9
672 269
644 711
486 693
412 520
792 200
588 689
274 553
652 342
283 285
981 494
710 228
876 244
255 201
40 502
871 435
483 369
233 491
440 843
202 342
899 452
334 363
631 531
468 501
113 660
366 696
40 276
553 411
139 216
954 699
510 251
955 90
918 834
496 805
171 587
893 810
713 156
533 873
935 517
332 606
632 44
560 825
923 873
450 433
451 120
380 818
362 837
492 788
717 333
718 222
43 290
980 733
704 233
127 893
694 71
452 342
884 369
862 736
786 729
234 554
509 756
410 364
228 76
726 455
360 92
124 45
967 555
358 110
829 966
299 491
299 700
394 397
731 492
640 296
797 213
299 376
319 885
307 789
125 550
240 272
935 175
784 182
651 492
482 309
501 471
569 219
146 124
75 430
645 86
792 566
812 969
100 971
799 929
726 899
449 213
964 796
770 681
188 937
863 46
957 181
548 124
677 214
456 934
53 588
239 933
700 665
368 146
593 591
211 376
725 58
912 489
70 897
736 244
625 382
534 59
856 54
969 377
472 162
273 306
594 238
776 471
207 217
942 420
258 57
387 327
12 104
106 863
892 914
586 69
575 740
785 540
2 50
311 60
957 746
372 62
706 810
484 620
968 285
755 759
558 576
866 676
232 155
894 238
737 177
742 418
85 933
893 974
84 601
949 588
917 46
337 220
102 860
895 553
20 935
716 890
279 902
506 772
452 59
182 812
258 927
189 681
261 364
523 137
301 603
450 183
786 573
589 136
389 456
337 783
345 260
882 229
510 802
21 541
225 946
191 205
139 104
863 735
848 44
523 452
215 584
660 811
421 217
350 817
618 989
485 706
839 22
472 223
717 919
22 695
333 910
553 299
576 580
100 345
28 243
87 848
610 831
277 732
947 76
978 586
785 234
566 913
554 953
60 34
411 367
66 719
378 717
719 278
757 79
171 868
304 323
231 920
568 996
702 634
852 292
266 899
653 277
965 3
140 316
546 586
638 188
914 850
718 372
96 195
349 751
97 382
210 183
992 397
186 60
561 152
735 829
391 799
655 754
215 187
876 791
660 292
256 34
537 215
189 860
741 415
941 333
77 7
33 417
125 795
308 237
627 457
385 620
793 415
632 433
600 911
768 171
823 591
882 9
973 350
461 394
545 447
161 438
203 223
811 412
227 213
688 417
997 441
415 834
952 22
695 806
994 657
226 775
601 881
970 390
971 163
304 852
265 722
998 940
583 982
515 590
333 771
62 451
356 740
486 575
625 181
553 400
735 952
244 581
562 350
250 210
877 471
473 561
737 716
644 904
629 342
939 828
101 813
136 703
359 485
987 772
897 572
808 113
296 933
81 689
641 567
970 941
231 956
884 858
63 711
283 975
115 132
805 827
179 654
111 715
383 598
906 663
586 895
309 756
684 572
591 194
906 870
599 727
582 387
751 264
715 814
936 529
186 464
613 279
923 829
50 643
203 703
940 216
834 631
715 623
859 40
272 792
175 535
137 366
780 704
346 60
795 753
428 554
602 237
143 49
823 595
313 286
242 204
498 802
119 182
925 511
484 785
158 470
38 184
185 340
556 701
501 498
872 250
144 747
825 259
381 872
576 750
540 841
541 160
213 31
568 2
363 398
830 134
942 572
869 612
451 995
56 485
402 337
424 425
118 7
389 597
840 785
359 299
964 991
992 700
476 453
829 71
614 807
424 893
45 600
118 950
869 838
551 478
274 550
637 771
95 386
98 418
139 620
766 589
988 479
75 606
188 151
871 434
672 748
163 499
384 484
277 359
116 433
529 624
705 404
482 551
746 808
875 964
391 825
474 631
145 573
241 928
862 706
81 959
7 339
559 742
249 641
103 234
480 357
326 527
58 473
132 928
405 116
98 998
504 305
965 364
497 616
736 108
319 291
196 190
453 553
119 598
803 383
346 254
916 70
275 310
594 424
243 362
262 976
409 572
376 585
655 603
15 312
758 646
816 833
124 46
18 511
976 517
87 433
702 429
228 476
564 406
160 852
893 478
397 601
381 554
96 678
61 684
136 342
32 414
721 793
721 358
226 860
463 665
621 453
717 375
919 410
319 554
268 552
544 104
56 370
987 135
973 729
758 273
647 792
608 208
87 847
71 202
952 812
165 1
458 29
166 346
518 527
320 214
732 747
571 687
21 491
45 700
227 681
588 726
737 756
917 219
826 456
445 293
741 853
957 376
983 760
359 130
8 532
63 654
763 678
488 532
840 457
349 174
732 815
680 146
440 983
737 71
443 220
137 921
466 215
193 821
759 589
767 871
538 899
874 123
604 384
823 934
793 499
693 598
784 414
197 615
616 526
698 188
63 834
285 452
68 980
217 452
635 600
696 708
328 712
816 877
368 612
869 504
191 204
798 828
986 4
165 481
223 191
158 288
338 983
634 127
797 252
536 890
345 223
532 494
521 123
726 940
29 436
986 394
329 458
277 874
99 208
283 9
766 856
166 326
249 140
361 970
692 778
183 641
478 327
10 841
690 215
283 791
530 626
131 907
315 215
796 542
448 948
853 972
974 907
352 207
116 24
524 7
830 449
153 171
846 430
116 143
671 65
28 965
366 347
966 519
366 851
624 301
946 911
388 657
480 722
63 785
621 807
966 918
552 614
845 223
168 879
135 874
966 801
826 252
385 498
155 964
30 388
881 740
832 826
186 654
671 389
393 580
603 115
143 220
464 712
308 12
558 53
938 135
152 560
882 973
433 853
855 974
553 612
200 796
919 621
740 414
668 339
601 880
32 53
105 641
848 823
631 84
78 844
47 135
402 362
705 67
374 86
925 606
625 180
916 775
311 837
387 83
795 126
139 754
451 804
921 945
127 139
737 707
115 723
380 482
73 368
981 456
505 391
236 996
348 859
224 361
395 109
339 8
303 685
329 34
537 709
442 259
727 718
883 500
295 674
211 435
505 594
288 952
385 18
741 591
357 886
451 241
492 931
236 821
372 277
689 125
624 747
585 444
720 597
918 902
480 766
621 779
200 237
536 327
457 642
744 490
543 396
287 578
458 832
557 352
206 694
798 90
391 544
125 830
660 31
491 661
721 95
316 725
438 444
824 288
988 531
518 484
423 864
323 404
285 300
113 120
534 786
702 144
834 56
212 644
599 376
660 748
754 195
635 76
981 936
530 176
658 509
758 266
706 401
985 241
28 133
321 949
620 303
217 196
299 983
75 226
458 230
903 818
540 104
853 479
321 806
654 224
39 916
652 449
675 928
13 57
161 782
278 167
351 535
733 283
347 169
758 246
351 676
118 849
11 681
641 530
490 472
399 774
689 291
794 48
192 322
690 449
633 842
344 573
224 83
331 777
561 372
465 287
150 218
163 208
770 472
101 325
521 966
3 571
478 859
174 432
876 698
881 864
422 990
388 730
25 128
376 876
966 591
625 11
957 494
385 280
295 309
480 666
157 308
802 203
987 205
529 90
409 515
266 412
547 869
418 307
738 904
78 345
261 135
11 416
108 996
237 776
117 850
355 837
569 511
835 61
670 287
142 980
608 460
950 575
989 262
497 389
462 837
454 821
40 521
592 214
5 309
728 438
907 857
655 399
570 757
260 133
722 984
635 997
250 41
804 602
507 586
787 876
455 298
320 215
84 176
446 571
14 351
622 688
254 732
855 29
644 946
123 931
482 887
134 916
175 328
400 46
2 238
369 655
867 408
585 943
303 756
128 696
685 508
301 499
853 582
325 509
24 616
921 286
206 272
229 898
201 176
974 789
477 323
178 362
961 670
709 40
175 652
397 630
306 621
73 334
839 611
521 994
685 47
643 866
944 503
963 405
361 75
803 60
934 881
644 457
628 15
351 136
179 220
574 782
992 338
132 435
684 120
333 102
975 651
483 585
618 500
347 182
702 620
30 425
592 886
719 519
375 205
751 918
938 273
280 411
839 350
488 286
199 304
809 516
882 114
470 269
532 376
496 136
62 40
464 694
691 665
85 170
268 638
924 17
36 625
535 649
905 356
840 987
394 995
382 582
330 997
401 186
1 744
164 364
363 4
343 266
230 194
772 989
499 708
64 423
908 242
486 962
723 883
753 525
917 652
722 842
59 380
701 805
103 79
733 500
306 562
510 87
476 67
723 66
119 981
390 663
89 822
625 676
699 445
276 346
921 107
580 488
29 638
11 991
818 293
124 572
710 863
741 699
906 832
859 800
291 268
158 933
383 914
793 210
297 995
872 693
618 89
581 851
910 827
184 125
529 696
713 299
788 843
154 655
121 848
273 91
849 52
419 475
501 841
851 546
651 193
431 626
821 390
287 404
224 566
446 85
470 79
38 771
848 123
336 175
959 153
542 499
375 70
52 155
955 814
631 305
7 653
618 940
235 576
517 680
57 884
117 556
726 94
126 826
877 34
951 831
834 247
138 686
420 877
725 15
620 347
312 516
973 881
545 618
788 496
731 771
974 657
409 468
705 364
283 306
66 702
891 161
733 310
143 806
370 828
888 705
738 883
709 317
321 532
343 595
714 69
110 842
572 322
295 716
511 22
177 245
988 283
353 788
743 35
362 74
384 312
367 319
974 845
97 303
779 353
29 578
908 331
124 576
250 775
641 691
201 473
275 574
883 277
578 829
560 784
408 221
466 815
642 810
594 51
850 969
723 301
450 475
658 791
510 527
765 43
52 426
859 42
327 528
340 427
495 302
354 686
963 24
342 403
806 582
109 380
333 272
389 14
618 750
821 11
734 996
848 246
976 443
874 441
122 775
735 363
791 581
364 991
934 87
875 493
467 40
269 172
416 864
329 385
790 630
921 709
773 876
256 260
472 439
594 552
26 274
709 767
843 361
752 813
120 728
706 547
650 894
942 510
801 974
54 718
956 174
999 72
179 639
845 674
883 467
323 648
608 970
771 912
885 274
153 457
196 41
306 729
163 160
609 464
759 834
732 26
826 83
239 250
828 549
172 193
506 919
33 269
567 817
183 451
46 969
693 274
186 724
703 873
595 624
299 95
726 474
101 612
341 936
384 562
911 380
255 790
320 765
906 348
303 492
338 122
33 216
806 378
592 937
649 438
924 872
651 736
212 554
285 802
913 505
592 56
423 916
313 36
842 326
787 145
312 879
941 55
212 264
970 476
447 690
958 373
778 967
856 283
874 234
911 673
36 685
693 694
827 872
4 131
334 910
9 531
231 258
88 52
256 916
750 713
154 419
706 660
355 510
620 50
53 875
442 486
994 155
870 558
266 648
657 457
732 523
255 238
442 329
775 633
580 727
62 842
67 956
720 721
387 729
372 211
463 354
823 130
129 434
628 362
538 30
686 142
45 126
83 183
68 161
332 750
520 652
909 550
332 637
719 883
44 73
232 313
711 963
94 963
487 796
38 570
739 3
573 671
391 730
417 59
251 962
470 32
109 288
294 370
668 427
413 320
760 929
425 370
523 505
661 885
948 122
569 139
753 230
576 697
593 381
61 831
436 679
545 242
198 504
194 371
624 740
634 995
184 453
260 339
313 679
51 23
179 74
936 335
402 446
230 523
670 820
737 439
580 62
420 247
5 603
743 459
69 296
274 54
478 468
634 406
446 822
850 414
667 892
102 307
106 190
314 803
137 810
451 390
89 821
419 228
278 825
24 80
889 798
393 513
50 952
471 200
440 612
386 406
225 422
817 154
99 165
768 866
76 527
729 862
920 349
724 575
121 742
191 886
508 162
290 109
418 150
186 426
884 261
100 276
651 108
315 592
764 861
459 511
363 21
962 458
502 563
450 150
164 920
578 666
82 557
195 342
397 526
436 84
238 216
973 347
879 788
613 948
707 435
682 255
782 757
62 21
635 821
686 947
375 502
208 761
744 987
907 787
588 572
481 688
423 557
796 9
429 560
29 406
213 233
899 784
826 784
520 91
776 37
406 352
201 67
730 436
606 259
975 67
978 922
80 737
463 230
505 20
680 784
771 507
535 370
370 938
791 996
636 669
107 73
607 268
654 435
154 10
282 71
947 331
537 715
222 972
734 983
210 997
145 598
292 771
687 506
893 657
430 913
34 454
70 515
206 248
908 324
858 683
784 314
287 921
681 582
779 497
216 999
215 235
270 216
6 194
232 369
159 480
695 210
110 374
129 821
168 845
797 382
708 79
67 65
51 836
161 132
825 877
552 979
276 179
229 253
290 339
238 5
919 828
621 282
225 910
307 908
146 370
133 8
834 903
564 300
530 396
952 70
310 688
392 29
748 381
380 460
808 645
617 217
332 303
226 806
764 298
639 654
108 326
401 98
773 986
922 516
152 812
942 579
355 231
999 566
269 171
57 625
297 162
904 918
743 557
669 650
49 513
800 199
748 133
711 19
70 921
786 486
777 405
452 617
443 870
339 953
657 492
969 466
474 848
787 673
993 436
796 977
696 501
505 274
680 42
330 367
204 813
704 176
558 207
742 344
541 771
249 789
907 813
88 405
346 612
650 593
173 100
126 833
766 445
253 214
292 950
941 95
615 136
845 527
102 37
233 154
784 294
253 71
275 605
776 970
436 712
73 690
681 819
920 149
703 650
817 307
105 225
819 861
470 827
208 610
461 156
542 159
893 249
632 381
797 499
526 691
219 263
609 915
833 519
256 819
195 302
271 77
954 577
189 468
284 456
35 978
289 294
535 897
852 763
467 607
503 357
216 349
948 22
365 132
826 758
668 149
655 393
705 63
256 887
829 390
729 18
883 965
98 99
274 758
991 263
909 739
287 396
469 502
409 525
183 815
524 681
463 79
926 877
156 613
675 559
396 52
879 855
221 277
874 309
13 317
438 778
404 910
991 586
957 742
337 421
135 878
727 752
841 21
680 149
241 833
385 47
495 828
419 751
776 648
591 428
96 59
11 2
728 560
732 72
756 70
152 236
450 401
447 786
55 330
242 847
793 357
171 329
392 522
580 59
600 665
360 414
927 790
677 975
755 55
494 73
556 60
557 277
872 377
431 600
323 163
533 476
21 680
498 135
46 853
649 545
96 726
764 29
503 43
985 728
548 638
735 396
493 17
55 782
321 160
484 724
972 65
694 530
351 295
69 612
260 891
322 868
264 382
411 241
831 930
977 215
360 138
520 158
317 856
67 893
783 623
416 631
329 186
387 278
67 778
822 622
736 491
255 141
844 990
477 131
25 258
723 215
170 829
410 204
818 193
452 839
509 274
609 204
183 977
511 484
224 174
279 482
858 805
34 419
76 810
438 824
840 375
775 915
428 254
746 1
504 364
703 78
297 993
393 738
148 124
739 694
501 855
66 308
618 377
384 569
364 28
328 743
773 289
886 682
669 240
262 814
543 715
402 933
989 895
579 255
554 291
755 478
683 77
316 530
832 291
446 437
899 629
57 890
459 58
62 45
332 647
127 449
881 37
568 887
212 666
421 850
28 188
623 573
152 832
173 554
28 211
566 855
908 722
40 225
477 852
334 967
316 86
815 124
305 707
352 674
406 67
362 263
273 510
477 118
387 370
131 638
254 164
428 993
899 495
866 774
662 82
809 510
137 837
870 209
157 666
747 166
272 336
348 235
67 661
324 12
72 253
399 626
958 711
689 114
138 456
277 449
106 452
880 739
681 982
888 131
613 275
376 962
180 754
955 384
8 101
355 588
101 80
998 294
452 398
309 3
661 222
593 248
817 496
206 548
252 418
19 3
755 269
938 215
521 325
186 972
890 556
862 923
694 696
220 823
739 769
229 559
286 969
486 524
346 717
160 328
429 642
179 487
640 659
532 417
346 636
921 858
369 821
247 780
930 740
916 951
297 161
5 752
838 256
808 307
809 30
39 913
979 426
49 657
143 540
532 886
309 112
407 770
175 294
309 784
456 764
321 763
969 418
542 689
192 325
728 823
303 563
309 562
456 474
367 183
776 749
918 557
225 944
853 897
909 943
440 942
150 317
387 925
119 780
612 263
375 678
690 734
33 545
909 512
569 983
253 70
680 472
148 214
850 24
98 853
450 394
927 172
196 186
73 689
20 904
572 589
332 938
959 287
603 353
238 452
76 423
404 414
317 987
209 66
318 380
708 172
587 821
324 661
676 578
399 229
972 745
976 236
688 176
485 358
99 764
587 531
311 947
522 906
445 841
835 169
749 251
215 675
787 34
836 747
630 518
42 23
318 184
985 413
70 585
53 437
293 486
166 124
151 776
503 277
92 800
147 673
596 624
373 825
117 260
987 930
161 958
681 39
238 700
904 770
49 325
545 528
783 522
456 649
808 190
130 470
22 232
26 231
411 419
982 958
325 105
476 203
495 601
61 447
656 129
718 579
844 778
477 303
871 35
562 166
693 688
231 849
452 2
813 379
400 749
307 163
42 770
757 313
392 813
263 90
547 87
548 228
570 284
658 527
884 188
332 99
372 328
603 732
458 933
609 355
756 502
205 88
320 910
673 910
949 873
238 480
204 272
884 338
923 918
180 345
346 65
988 688
204 359
367 821
543 726
217 724
894 574
897 480
96 727
81 261
669 156
315 119
454 618
271 160
184 122
241 127
194 431
640 317
256 566
354 297
925 340
468 801
913 372
307 229
435 589
901 219
565 366
70 708
52 855
449 463
790 589
249 295
126 767
631 701
990 900
347 898
500 400
890 24
965 714
646 564
313 903
905 587
945 406
896 894
610 26
149 654
424 131
338 809
992 118
767 783
680 639
444 461
248 182
102 305
84 804
620 822
533 601
225 168
604 422
729 602
491 635
220 91
370 584
866 581
940 828
633 182
393 519
966 744
346 481
278 914
101 345
998 217
283 772
148 142
385 212
613 510
906 990
500 665
618 68
569 632
567 413
401 798
799 937
206 815
620 611
137 740
559 873
637 89
901 981
475 986
169 667
688 233
542 212
216 730
214 357
674 650
726 256
393 44
360 153
693 249
788 163
664 497
995 481
225 977
128 530
530 422
747 948
777 7
192 609
726 226
32 474
455 56
347 595
222 349
5 505
27 337
194 290
160 126
734 696
39 654
723 713
631 80
744 876
856 294
94 110
269 133
915 367
668 77
796 186
930 816
734 474
183 624
865 409
60 253
616 565
542 872
875 288
16 379
700 461
774 972
174 838
779 934
248 500
778 125
728 62
782 799
255 211
379 426
922 994
923 327
33 841
213 555
40 431
719 241
996 938
136 898
782 569
820 567
383 116
426 795
372 115
101 411
736 214
366 529
442 97
410 451
766 22
880 661
607 243
439 844
998 197
176 12
547 111
492 814
491 645
721 800
538 886
98 801
543 507
431 829
379 484
881 602
99 997
725 691
693 315
911 500
489 757
751 245
924 609
427 187
673 807
677 791
551 770
57 74
323 134
135 611
941 590
48 643
396 112
837 909
237 177
661 447
522 919
6 268
651 761
864 660
901 113
207 798
544 274
451 136
990 659
705 769
298 361
144 639
821 859
933 817
644 164
689 947
283 68
487 107
568 502
244 567
891 792
645 431
705 220
136 753
507 640
456 622
325 39
221 434
41 820
810 744
10 781
373 247
247 706
982 915
568 579
861 834
823 578
995 516
10 668
267 263
418 681
275 784
921 262
889 250
449 506
550 709
144 473
165 451
573 400
81 345
458 607
249 644
931 74
257 15
244 393
944 463
56 767
608 956
491 720
224 949
470 974
349 66
664 877
66 8
101 226
984 798
823 895
3 874
498 14
63 186
882 360
384 835
441 918
677 779
950 273
19 130
449 284
750 66
130 881
404 870
545 59
167 266
299 382
946 751
982 17
485 583
895 720
237 38
845 631
659 965
854 95
213 77
70 590
786 151
787 146
825 331
109 893
660 627
408 992
668 6
981 57
183 523
991 496
169 73
155 234
982 733
677 161
645 387
672 303
148 704
269 615
373 203
552 164
960 153
64 462
616 811
600 176
283 620
823 366
664 653
116 402
724 209
440 988
555 963
405 34
500 992
743 100
803 9
269 627
646 527
847 186
745 320
998 50
413 872
96 172
719 892
498 336
686 367
798 357
176 212
894 111
845 822
940 14
355 566
318 654
964 132
161 534
683 308
901 757
704 713
781 927
708 129
621 608
752 785
34 944
586 741
320 685
891 422
618 658
38 272
454 728
200 519
536 161
782 63
367 933
618 549
713 847
384 589
764 623
522 943
635 810
377 475
636 65
439 507
915 116
365 213
759 389
283 238
513 199
716 120
754 263
645 180
955 996
423 505
666 980
407 246
635 505
583 121
93 493
386 783
295 201
634 179
190 589
598 350
340 58
892 639
876 20
574 471
84 71
601 475
639 311
969 741
399 932
40 37
187 310
903 532
795 439
950 237
302 101
309 855
291 244
437 45
810 728
336 795
135 831
69 55
370 758
791 272
480 26
742 358
923 408
249 723
984 666
624 385
989 151
213 79
686 169
524 60
710 851
806 914
474 731
92 30
955 455
901 934
295 411
297 854
962 692
836 464
362 884
453 603
435 960
867 965
31 306
234 330
822 91
272 675
717 271
629 579
9 464
291 862
659 618
769 510
422 708
1000 172
928 601
546 8
572 650
163 552
347 263
42 315
446 89
631 523
808 910
950 729
450 254
481 60
204 27
152 646
781 869
527 321
848 14
333 586
282 748
669 16
194 432
333 376
15 130
240 350
863 334
868 336
942 955
583 831
105 644
346 614
576 202
65 54
80 111
677 263
570 681
347 880
631 960
498 764
943 68
910 183
201 679
282 160
65 336
321 718
804 749
967 339
59 446
922 880
157 965
856 244
605 455
553 180
516 328
404 610
5 973
101 696
823 289
438 833
975 154
293 741
226 423
33 825
412 880
197 230
624 350
698 573
677 115
300 241
194 49
594 781
729 806
716 824
917 511
186 107
171 757
428 220
894 443
938 531
957 751
929 997
812 122
903 77
784 475
713 459
113 567
149 327
703 736
466 589
877 557
768 111
56 945
545 371
29 898
367 876
868 903
405 655
636 427
480 61
454 544
274 186
682 847
459 250
242 198
890 554
677 584
720 37
276 257
751 680
863 418
555 783
190 856
824 914
658 502
717 601
61 981
83 517
389 974
856 259
250 30
584 786
145 90
183 550
420 852
331 371
575 732
961 216
501 143
653 770
781 333
468 56
624 958
754 561
331 448
796 782
49 663
263 832
731 867
398 598
681 90
196 593
441 489
700 65
482 590
715 644
954 468
560 579
213 703
287 88
148 498
373 441
102 73
763 769
996 634
589 601
439 802
798 511
174 437
750 916
6 786
387 812
980 563
570 489
38 643
241 533
292 663
846 26
828 545
394 195
512 290
771 707
208 233
10 51
584 404
679 859
860 481
533 453
609 551
369 314
573 964
330 898
315 956
337 804
856 820
893 359
960 786
965 577
476 972
232 10
534 832
942 785
155 673
302 688
623 288
492 358
872 220
787 149
312 489
95 40
649 148
356 580
30 925
89 473
933 212
860 980
882 700
593 567
688 845
908 534
213 174
515 652
639 480
153 595
889 345
905 476
653 806
457 747
605 621
244 955
154 431
494 284
725 180
943 237
308 602
416 622
538 457
524 676
748 394
253 548
895 117
572 184
645 676
371 425
853 577
822 560
420 268
370 723
614 438
120 982
407 518
525 479
106 233
590 703
342 749
616 970
729 749
180 999
924 493
733 141
935 593
257 106
681 14
974 137
386 398
353 705
375 644
67 367
259 790
828 598
79 476
580 151
85 799
451 93
267 976
113 622
936 751
243 223
371 914
246 770
610 89
142 633
39 211
336 410
621 177
981 582
985 515
270 477
773 458
850 687
311 273
51 558
217 730
289 229
716 260
276 997
170 160
336 184
744 197
800 727
28 422
506 600
989 905
962 55
364 893
346 784
277 914
320 507
321 86
930 584
933 331
191 569
602 368
617 167
397 426
53 568
971 13
442 821
903 992
765 885
335 339
501 71
335 448
230 670
505 493
487 5
549 26
326 141
776 506
154 50
321 515
434 866
330 339
349 85
582 109
654 622
433 90
680 229
275 778
150 153
63 680
858 800
586 243
714 268
625 863
348 2
719 61
704 362
707 605
272 390
182 153
917 474
828 651
757 283
691 631
817 158
270 748
498 373
558 343
73 56
135 386
953 287
20 66
149 290
337 408
262 3
12 734
548 504
205 555
935 296
694 945
181 98
898 20
521 477
126 420
211 823
735 593
533 366
21 969
285 885
17 767
937 446
246 298
247 7
549 617
95 4
433 728
752 506
308 296
346 615
792 629
460 419
536 857
550 28
255 366
660 564
613 628
925 600
909 371
748 157
437 878
757 921
773 644
65 343
818 815
946 248
514 532
2 288
205 343
226 322
409 290
265 774
654 296
567 537
418 528
435 498
819 596
761 184
923 345
227 628
819 280
344 952
115 204
443 60
444 467
267 362
822 760
35 150
326 907
443 325
81 596
945 227
658 648
880 568
612 875
558 401
608 934
797 600
301 873
565 556
927 181
491 647
348 260
96 341
59 859
336 324
832 601
281 453
287 699
881 600
536 333
720 474
2 569
332 784
610 947
409 553
877 556
822 215
220 637
206 696
834 737
688 358
855 138
12 800
400 74
133 116
436 847
119 143
857 290
276 524
830 431
744 940
662 310
913 417
752 407
243 832
156 89
692 59
329 337
807 730
813 793
631 54
62 279
431 198
568 504
959 805
843 14
613 616
47 22
430 394
382 899
992 691
351 908
83 354
526 416
417 938
566 929
396 958
739 303
279 208
562 460
546 969
526 339
933 371
59 330
44 542
373 358
980 178
625 517
931 470
449 517
597 695
35 178
505 27
720 890
365 915
315 386
816 429
942 221
230 19
585 96
289 547
344 690
988 107
456 44
845 558
349 703
131 628
448 656
837 410
163 583
245 126
217 194
564 857
68 104
992 332
759 974
81 227
155 868
391 860
674 408
416 392
55 659
21 303
59 724
977 41
764 791
432 994
937 843
63 53
670 103
48 722
466 705
105 263
289 216
254 672
113 828
531 603
561 532
68 556
161 390
809 530
313 323
545 107
673 35
69 874
99 655
860 695
807 920
576 705
858 526
812 961
227 99
389 912
304 900
194 360
602 413
863 699
143 673
654 499
386 694
153 673
423 753
706 463
636 908
910 387
565 440
192 202
787 882
120 539
373 951
544 141
514 557
679 529
629 358
563 8
636 594
142 389
3 223
165 876
596 192
689 610
541 705
429 167
966 86
628 593
184 874
463 504
822 561
220 195
513 849
496 923
225 179
279 474
233 344
323 570
288 887
160 136
760 615
784 247
842 437
363 644
591 18
404 232
331 952
484 446
174 470
291 278
997 888
444 872
134 443
985 864
31 344
470 1000
237 563
128 105
419 442
917 167
405 883
869 190
432 831
864 786
451 443
314 319
318 287
211 941
964 277
309 120
203 973
664 105
336 42
860 629
219 359
275 57
725 561
742 625
928 285
359 855
358 878
108 597
952 403
700 881
115 838
694 612
904 278
686 920
674 864
434 509
489 894
611 263
503 325
565 250
952 241
352 973
204 806
702 61
373 873
363 335
109 863
311 551
972 291
421 35
378 896
948 276
472 453
736 786
511 940
517 281
120 567
853 401
231 349
288 471
361 604
162 919
839 819
525 379
580 673
887 551
763 637
321 514
449 242
624 165
625 636
808 44
777 200
554 560
510 270
995 606
281 137
490 26
509 302
440 779
607 565
832 801
689 872
859 536
508 618
568 859
474 566
681 732
332 696
172 465
50 949
464 572
253 154
436 622
419 376
537 445
742 70
780 871
413 842
738 761
480 745
323 101
287 710
564 890
367 116
371 881
335 714
48 444
33 456
397 807
772 949
773 412
542 219
595 842
46 778
485 298
34 978
720 285
850 656
820 840
949 108
201 424
493 96
241 143
167 227
208 976
262 701
194 31
414 520
184 25
39 421
770 600
635 200
526 905
734 281
532 282
792 455
479 435
247 183
359 601
696 35
881 217
902 527
485 895
626 367
365 473
863 110
518 575
5 664
790 560
818 861
187 630
60 248
207 379
615 590
930 734
711 865
41 221
387 489
120 706
32 520
72 549
725 229
364 437
58 632
705 279
634 439
440 945
784 898
73 93
775 149
383 376
511 311
830 697
27 448
430 811
514 166
1 281
791 931
442 253
301 70
913 588
106 592
736 233
737 128
690 310
737 241
99 776
6 820
387 818
928 810
525 712
122 464
474 300
850 780
681 986
882 327
548 398
895 255
236 659
355 624
750 331
254 570
592 677
557 345
708 219
410 898
531 706
393 77
160 832
240 414
704 788
829 554
557 635
181 871
76 67
513 426
834 51
216 666
313 512
257 995
942 981
378 230
105 870
127 481
865 728
723 742
946 443
251 461
948 349
992 709
482 251
669 645
984 105
256 910
408 677
134 931
598 388
758 94
390 932
836 764
801 855
92 668
255 240
836 515
374 710
13 276
456 335
55 185
317 638
335 224
619 34
158 674
918 232
976 46
532 249
300 215
706 846
25 488
384 282
21 219
349 702
6 897
778 380
824 792
954 167
594 126
542 998
713 276
722 218
523 23
561 216
32 736
48 501
547 925
769 395
536 426
989 528
696 560
494 33
684 177
573 41
637 143
621 522
217 764
552 835
631 480
336 222
464 419
321 302
954 336
539 680
152 704
998 691
534 817
406 592
556 662
319 717
566 582
365 383
721 495
564 776
319 594
127 389
290 820
809 860
757 574
549 406
654 84
584 816
742 500
743 588
215 433
967 388
131 6
562 286
959 736
975 396
269 940
363 17
40 76
918 315
131 919
408 560
448 817
417 806
74 215
292 98
858 987
201 229
570 563
510 34
93 74
365 997
997 564
64 368
373 490
549 657
691 310
49 125
572 783
43 721
793 78
888 76
414 454
141 694
222 459
241 678
917 53
158 971
504 369
146 129
208 312
560 173
816 7
391 835
767 722
355 481
879 500
167 920
168 778
685 859
981 580
780 561
125 782
54 266
663 868
243 511
544 512
502 600
29 72
360 161
275 56
425 491
765 719
603 156
878 22
204 65
856 560
375 488
293 36
30 733
355 336
308 423
242 415
765 529
803 812
753 335
39 742
77 559
544 460
255 471
841 743
919 295
833 34
83 575
888 951
885 523
2 427
420 878
214 432
923 72
706 323
815 103
504 983
903 640
227 717
981 316
288 583
642 362
255 59
243 373
581 375
430 157
35 367
760 486
44 487
154 163
303 518
767 45
469 874
145 620
719 142
791 301
922 172
318 877
342 307
630 941
77 506
426 690
816 374
557 281
157 483
435 852
336 419
614 178
409 817
728 529
771 639
646 889
663 565
478 933
926 86
567 409
788 474
238 273
220 740
112 933
349 904
583 179
941 324
258 377
911 412
90 776
509 706
519 171
337 977
