805 2563
393 410
216 275
759 541
131 298
776 85
280 335
4 203
170 735
160 751
32 788
717 261
366 205
581 726
566 42
258 117
112 209
404 759
296 24
791 400
656 509
322 724
697 154
623 459
454 313
780 457
201 110
737 343
560 754
212 445
468 618
514 611
383 798
573 399
758 448
458 166
323 684
675 451
658 377
531 432
624 85
1 176
614 278
24 794
259 734
373 31
47 338
363 402
805 733
353 758
324 622
515 702
329 407
107 520
93 716
83 736
27 703
357 87
710 463
804 640
70 371
36 746
773 651
228 655
466 4
799 218
269 465
788 12
198 703
426 224
629 294
204 234
667 9
754 684
546 615
691 191
693 756
472 174
475 239
633 601
631 34
283 689
126 702
252 621
129 577
279 474
783 598
420 763
274 666
22 139
136 711
549 488
661 660
657 500
472 548
754 609
698 744
514 374
792 151
189 601
105 103
517 688
559 362
9 759
139 343
713 772
329 735
617 416
732 684
177 572
144 740
489 738
793 103
352 241
117 68
501 362
90 102
436 602
588 118
112 332
443 545
26 52
247 779
361 675
17 625
121 66
383 278
556 798
376 182
762 519
462 276
413 613
418 797
571 321
494 478
135 152
193 484
783 70
205 775
366 558
76 317
286 447
349 676
260 1
432 581
369 801
170 274
318 81
601 206
603 766
712 412
198 763
14 532
753 368
385 537
424 409
686 447
321 204
674 757
586 627
447 94
438 537
650 554
522 743
308 279
733 215
754 777
334 788
326 354
696 697
366 599
32 400
639 408
19 138
98 519
634 248
580 391
669 519
749 142
541 481
99 41
410 113
449 170
589 107
317 83
600 539
143 28
790 71
281 117
281 424
228 340
265 422
746 220
729 188
192 455
530 381
732 270
697 276
275 512
199 686
519 285
614 229
48 134
690 717
564 44
683 483
275 466
101 143
28 686
804 578
36 724
789 429
689 646
483 22
319 169
250 160
213 240
20 10
442 171
668 654
74 648
128 443
367 375
538 634
218 260
411 115
284 227
253 108
381 23
550 663
291 275
419 294
97 618
406 330
686 797
503 83
555 607
384 627
331 265
307 215
706 800
230 418
327 587
71 662
149 525
42 713
160 26
579 652
671 274
570 540
470 315
462 533
14 584
591 760
331 619
207 482
443 437
690 590
752 764
435 239
111 423
739 413
541 68
175 556
677 516
643 652
35 223
596 692
410 415
176 310
748 100
643 541
239 659
185 72
61 347
764 164
729 433
531 176
609 270
351 518
26 688
398 394
118 647
68 504
468 5
108 599
74 412
789 440
147 552
206 362
158 649
197 338
666 164
117 592
703 249
120 673
338 424
265 152
470 372
182 130
41 706
784 374
215 206
308 137
678 56
275 64
613 746
540 588
479 160
372 784
323 546
177 659
450 531
440 240
313 358
503 750
524 613
616 478
120 488
339 793
785 410
420 254
478 332
478 641
389 415
483 460
504 508
140 237
447 529
736 626
373 171
29 89
798 601
505 355
658 52
753 431
130 765
330 350
242 739
11 188
485 536
639 17
434 167
234 792
517 762
737 9
171 434
300 700
615 439
468 596
252 785
170 435
119 393
769 167
314 441
673 579
512 719
471 765
258 490
573 694
152 206
686 399
745 177
384 581
73 57
602 388
288 196
603 428
161 292
18 231
516 524
407 443
125 785
292 38
388 410
351 307
546 769
674 621
346 356
553 260
152 127
368 78
386 174
262 417
357 617
251 545
802 348
508 523
110 356
312 411
385 300
688 803
42 89
244 576
314 295
774 422
66 513
655 41
732 685
309 50
804 479
256 535
738 122
424 665
465 329
618 145
711 262
568 677
23 782
355 507
644 794
573 172
757 191
743 380
51 203
131 163
617 511
409 120
742 522
564 737
153 67
657 549
159 392
607 228
259 148
686 635
628 189
271 516
401 557
402 203
407 399
174 671
433 551
288 302
161 528
517 792
281 449
158 25
179 323
425 788
356 303
104 256
785 52
768 465
220 609
459 411
461 329
339 478
17 264
608 474
237 691
135 82
637 278
110 116
204 60
100 253
290 439
176 144
794 386
345 575
520 223
228 695
319 674
450 783
75 390
76 264
4 455
780 352
162 546
289 49
378 276
442 427
332 51
713 342
378 76
287 193
327 302
296 215
558 531
5 753
506 154
762 355
601 108
233 375
108 100
239 100
685 191
27 387
320 439
676 457
773 487
539 492
478 285
286 720
470 582
616 596
538 281
207 571
540 447
427 196
584 140
345 664
783 725
71 216
680 500
720 129
574 99
426 443
372 38
181 106
549 264
201 154
789 505
478 718
559 180
468 171
530 799
4 437
208 142
601 135
449 660
67 197
91 654
645 441
257 442
22 177
410 159
772 101
431 669
680 17
205 618
613 264
745 484
508 234
721 354
192 592
544 234
29 291
13 41
241 370
205 151
760 690
686 229
375 342
498 297
741 182
450 570
382 250
458 580
776 246
722 549
600 335
211 549
307 674
750 762
285 488
55 730
542 347
481 500
17 348
532 770
122 139
361 516
270 372
551 221
147 670
25 144
443 417
599 650
397 26
453 536
238 358
184 409
385 723
409 693
655 517
513 20
325 387
70 67
454 802
460 407
688 173
658 470
627 230
309 155
165 753
759 194
320 177
488 648
605 163
40 357
645 381
209 77
722 202
279 19
85 762
717 139
285 435
366 600
169 778
299 52
372 614
549 98
549 445
3 512
262 536
516 381
384 358
171 683
652 800
234 217
236 690
421 53
478 627
745 211
104 741
801 447
231 564
2 476
2 9
249 127
707 724
585 637
287 493
143 585
137 133
321 88
703 191
356 120
645 536
776 457
253 569
161 608
432 19
514 220
588 339
553 439
757 223
683 564
6 568
762 400
122 390
359 375
491 752
385 347
630 621
344 494
732 175
112 724
276 453
132 450
687 250
410 527
563 639
802 797
665 398
490 388
331 169
43 483
760 580
224 151
70 456
557 246
123 117
162 725
487 781
453 653
347 589
407 303
635 158
375 737
123 553
714 220
750 189
111 795
438 57
795 437
742 75
463 35
267 131
450 737
183 367
738 185
23 795
7 520
488 270
125 60
308 630
459 706
286 382
172 326
70 535
538 390
24 757
558 118
248 478
450 156
508 477
500 188
324 447
734 173
662 259
395 176
647 672
682 769
177 192
127 305
381 726
494 303
276 614
137 184
618 594
160 578
268 291
52 634
242 569
149 406
634 54
70 665
625 86
349 57
613 407
162 457
550 683
255 179
459 220
65 456
333 176
281 57
248 526
659 17
411 657
696 374
272 664
755 564
424 516
702 251
725 783
373 469
763 302
379 792
235 578
553 60
208 181
327 692
276 790
576 105
319 798
235 324
236 539
189 277
779 160
190 67
306 425
654 94
455 637
442 292
135 206
581 479
503 298
712 236
732 138
290 149
627 526
441 295
688 89
171 762
99 105
50 351
431 755
760 509
321 237
342 133
604 797
75 314
740 56
95 449
448 514
178 74
43 16
660 172
113 649
332 314
778 19
706 724
528 791
85 547
161 115
155 384
410 184
712 536
160 506
15 505
334 606
700 41
4 187
8 190
329 747
269 9
109 127
555 422
368 204
439 531
479 29
668 607
589 688
535 387
477 620
5 799
65 551
394 259
327 111
400 401
40 13
134 650
61 506
173 533
29 166
674 742
750 735
476 365
73 623
49 606
122 446
205 591
35 477
626 437
223 1
61 273
619 708
173 536
69 683
285 638
380 119
73 310
257 431
574 747
479 662
560 768
725 517
321 327
122 231
177 795
313 299
595 701
636 23
50 475
713 503
277 203
575 547
302 520
212 59
142 426
471 432
241 327
276 277
478 258
785 182
243 75
100 125
107 453
253 62
155 470
89 594
372 39
119 597
118 711
670 272
413 174
106 320
753 528
113 548
7 335
464 735
392 12
141 517
350 682
259 316
391 502
751 443
218 549
398 658
684 256
795 783
787 689
233 42
214 4
162 502
494 372
133 98
91 386
642 114
373 542
389 724
673 390
324 216
607 192
645 104
332 136
208 134
26 149
561 499
263 111
73 150
26 470
46 184
25 142
465 620
599 59
214 618
260 255
783 730
509 379
7 582
546 363
472 786
385 186
754 604
368 239
757 390
207 755
796 710
143 311
54 301
604 521
611 778
24 240
430 559
568 599
271 617
491 719
105 536
8 676
317 81
512 244
442 642
606 205
303 356
288 456
268 409
34 500
513 591
607 653
299 79
218 258
782 157
586 511
271 316
715 138
625 595
296 300
432 353
220 192
117 269
541 112
574 496
319 171
801 227
600 356
350 413
23 41
464 118
688 539
196 504
265 731
509 666
475 163
335 408
709 363
640 24
20 362
104 187
412 236
201 666
109 769
58 686
740 104
525 474
529 468
53 287
616 165
317 752
584 579
252 4
380 510
37 326
511 544
687 608
686 65
734 185
463 461
211 595
108 602
125 596
326 490
550 543
310 496
4 378
449 551
798 691
553 302
565 76
604 742
381 368
615 463
540 183
634 727
49 672
319 741
658 433
184 344
333 382
226 280
737 127
653 618
85 493
780 643
450 743
624 171
695 560
605 23
755 349
786 379
746 175
767 631
516 53
257 256
19 229
227 165
724 237
169 681
708 246
193 796
631 267
34 280
736 637
676 694
424 334
80 464
137 468
666 73
528 572
17 638
452 142
682 437
443 30
190 740
391 342
790 97
456 387
114 510
790 422
422 716
409 329
48 273
154 207
16 421
398 531
404 596
612 174
758 590
726 265
38 402
34 130
397 478
201 120
77 288
170 744
356 166
769 78
588 774
521 176
351 493
778 557
237 502
147 319
534 697
108 682
208 772
463 131
175 682
529 353
324 749
127 475
626 486
275 483
391 222
81 781
603 640
215 773
612 595
128 271
185 799
220 57
286 110
104 158
290 98
237 94
557 224
542 763
523 487
724 695
250 641
804 741
94 383
271 309
554 780
520 180
448 255
232 60
343 301
532 81
555 336
496 715
153 747
795 411
30 258
605 352
633 564
559 339
214 405
620 744
678 178
627 188
476 510
332 162
277 182
795 527
668 311
537 367
192 45
742 736
290 492
185 2
519 779
386 462
244 430
283 192
309 758
746 160
760 68
71 3
345 373
300 328
609 289
358 171
505 741
658 174
567 488
56 570
755 120
794 75
61 173
546 760
233 275
34 452
306 428
702 776
366 74
410 451
416 200
710 245
234 600
383 407
333 201
408 32
562 436
49 335
797 294
454 552
571 462
92 144
593 416
614 53
561 191
105 11
571 319
256 3
774 624
441 700
670 335
229 549
436 788
19 219
275 398
762 715
101 277
448 649
604 793
700 517
178 795
51 219
568 495
554 373
313 724
170 768
120 352
804 650
290 563
130 178
370 527
746 771
9 502
306 665
789 358
518 177
612 225
92 4
181 271
799 518
620 558
72 599
728 443
456 801
646 21
244 640
407 206
581 346
620 240
361 242
612 637
153 286
137 673
637 595
180 705
182 741
625 671
256 17
311 153
785 623
215 516
195 24
473 528
609 534
596 757
171 31
569 384
645 577
778 412
562 417
138 482
601 202
31 381
329 399
737 538
718 217
663 445
389 85
251 138
407 393
651 32
267 750
183 24
369 527
560 102
707 642
173 98
302 197
655 20
327 760
570 636
754 241
666 229
133 282
211 141
659 796
434 267
436 461
222 442
20 135
393 99
146 519
381 556
402 550
186 554
795 584
451 15
567 798
291 3
185 191
60 618
707 651
281 588
630 80
174 332
195 585
713 62
200 412
634 536
581 586
69 645
802 425
179 509
343 476
128 686
400 67
255 229
3 693
631 590
378 528
783 805
735 97
464 234
601 69
654 562
537 206
73 503
107 568
260 99
761 271
392 59
54 290
402 140
499 90
445 42
643 169
258 17
663 91
741 738
155 566
337 687
582 9
433 627
614 452
102 226
105 548
715 569
111 656
458 476
372 537
27 539
231 140
234 518
380 489
805 536
111 295
758 167
763 406
462 85
192 132
504 150
360 517
284 425
663 183
108 50
271 93
221 717
566 418
16 581
383 644
313 5
281 732
646 421
741 643
104 45
319 583
285 232
251 373
472 529
552 736
609 497
167 196
704 102
649 784
778 443
615 319
283 613
268 682
72 389
800 657
100 371
447 494
362 428
641 740
117 653
92 597
539 132
690 222
680 377
97 186
263 537
683 466
480 157
797 70
491 599
515 183
312 507
133 203
76 57
778 248
469 102
126 580
543 242
690 354
29 286
401 168
492 216
721 696
663 693
725 587
266 672
129 534
386 668
423 667
100 612
211 603
729 108
50 743
569 32
606 650
1 294
609 380
55 769
777 600
590 192
339 328
378 312
640 309
641 185
254 85
406 624
461 176
600 419
393 363
179 438
288 580
183 781
458 708
632 425
703 331
137 512
640 494
456 553
123 216
99 265
614 23
310 670
213 238
258 390
459 708
798 674
661 191
555 211
80 654
672 322
791 668
9 137
281 684
730 318
368 654
774 762
169 6
463 178
768 345
132 208
312 1
300 703
77 631
409 590
16 211
456 26
790 446
599 459
380 681
81 241
553 74
344 671
94 532
652 266
63 637
450 4
33 20
588 482
370 665
304 802
530 112
734 464
699 773
796 358
725 243
632 145
382 387
369 190
742 483
634 381
46 634
394 276
237 745
440 426
408 211
409 203
190 783
466 492
474 592
546 655
695 644
41 513
280 188
724 770
602 60
89 231
568 313
753 707
369 183
355 721
335 784
121 105
284 755
711 692
248 144
400 421
175 178
170 230
121 218
106 475
704 574
742 84
181 593
493 671
124 149
216 60
236 524
80 150
524 516
407 591
575 19
505 597
548 532
588 246
38 590
132 92
172 768
545 173
659 754
419 274
702 432
146 374
382 367
93 29
295 705
244 546
101 562
341 702
144 800
95 373
558 631
630 177
83 798
134 622
217 36
254 564
186 131
685 219
635 74
70 76
509 484
400 557
437 493
648 185
405 281
632 467
743 672
429 536
654 115
766 724
286 75
165 467
292 173
424 595
631 352
618 416
691 490
620 444
218 367
57 734
651 511
635 210
427 489
620 467
214 302
514 480
719 425
294 775
353 224
687 207
347 545
137 298
676 348
611 196
495 245
530 732
252 608
794 751
631 531
500 716
12 219
748 333
694 689
259 127
579 284
660 187
435 789
385 120
593 691
539 84
532 138
45 174
376 251
674 532
145 194
704 4
705 509
201 763
625 518
310 534
612 434
615 536
228 551
300 403
35 636
729 172
552 572
679 220
681 645
240 627
168 805
145 208
82 727
411 458
255 723
369 671
529 23
751 559
19 350
354 550
705 502
651 203
765 276
15 479
398 461
21 618
775 671
175 208
508 647
231 610
767 225
735 317
370 194
319 15
269 497
576 355
685 63
777 422
733 77
105 256
787 688
682 493
115 561
423 359
722 401
320 166
307 416
490 299
399 462
321 780
785 448
470 506
751 160
384 529
10 481
227 805
187 281
545 272
781 399
691 228
238 608
49 356
269 204
787 444
48 566
474 586
220 122
461 139
299 48
500 599
302 554
177 393
103 730
714 368
350 299
320 261
32 137
325 540
272 562
109 704
3 239
706 457
337 679
103 38
711 88
126 157
109 443
236 709
292 652
151 225
542 659
318 644
9 624
492 340
602 337
354 744
635 307
488 126
110 608
518 140
191 124
802 435
544 253
537 536
621 675
318 113
77 708
172 750
750 658
487 792
702 100
29 622
265 293
257 303
359 456
396 86
788 749
681 635
738 636
520 695
151 476
786 739
462 552
676 365
343 483
596 476
574 243
649 325
31 779
307 444
165 491
455 268
795 428
293 347
354 436
73 41
49 506
195 668
393 631
793 630
11 363
394 369
256 370
425 747
119 303
264 386
723 211
483 749
30 226
537 800
257 262
82 200
194 420
123 701
397 472
449 687
302 251
298 802
324 761
186 77
520 784
83 392
728 414
58 221
754 398
187 422
333 710
10 597
84 361
303 516
184 10
60 210
301 99
231 347
418 266
594 733
375 533
276 713
376 203
710 143
307 284
159 545
565 476
725 604
580 356
664 577
126 668
107 570
218 30
54 392
253 531
405 722
210 321
125 164
70 264
57 696
226 543
137 746
157 652
321 755
397 755
416 723
77 587
541 220
672 346
194 297
507 786
633 576
661 409
758 344
44 475
206 638
688 457
414 49
626 116
18 797
772 377
296 135
120 587
173 447
636 531
79 16
92 126
84 93
323 137
555 338
558 648
479 449
246 515
619 177
753 551
39 466
668 386
62 458
211 451
194 25
32 356
730 71
470 769
291 548
238 651
687 535
796 656
376 550
710 353
507 268
695 329
751 668
438 548
404 764
371 526
707 560
523 623
567 196
219 695
113 169
59 302
149 91
300 25
545 465
199 368
419 509
310 523
408 74
86 633
382 622
295 696
708 7
616 305
389 756
32 490
444 762
38 591
59 125
522 136
334 49
525 771
568 688
147 197
761 796
764 557
178 798
307 126
419 482
112 136
81 572
48 456
85 258
586 247
685 329
388 95
158 731
340 538
415 200
695 351
558 408
581 25
339 482
413 482
606 478
278 469
116 240
618 747
291 129
147 388
131 149
479 571
280 99
116 732
62 511
504 76
14 322
426 779
201 381
556 433
259 471
580 319
619 780
502 384
767 412
435 457
236 801
717 13
404 181
43 98
747 96
653 446
697 33
493 499
238 131
59 162
387 763
706 282
45 342
722 523
647 441
577 594
337 469
468 755
361 479
328 677
151 23
538 357
377 373
620 284
275 234
668 684
512 712
129 598
763 295
135 774
615 365
801 196
712 84
213 702
36 780
662 125
369 525
580 107
160 59
179 329
752 389
786 364
326 189
562 128
331 2
3 545
722 260
685 656
83 472
410 549
70 182
475 700
738 561
704 28
106 657
801 407
548 338
623 608
183 558
240 540
668 500
374 390
230 443
561 133
534 756
738 665
463 259
586 410
659 760
269 780
290 371
551 367
139 480
233 16
587 319
481 340
118 724
525 428
274 46
147 635
424 735
122 804
761 355
753 657
755 670
793 125
742 424
48 132
618 679
165 523
144 605
736 113
496 64
443 421
62 307
567 420
256 64
221 189
225 621
190 457
606 223
146 476
38 525
717 787
242 543
519 86
372 539
432 75
323 185
803 739
786 345
146 111
204 364
801 522
703 337
141 243
149 147
353 568
322 18
583 475
482 610
268 591
72 106
664 313
521 733
497 472
78 591
135 671
742 141
228 344
708 117
158 82
204 161
757 405
595 102
615 91
604 488
534 520
780 310
32 129
452 156
346 443
73 705
461 485
599 660
772 671
192 513
724 663
211 572
214 493
508 10
167 594
421 275
741 500
778 78
670 48
397 234
80 485
120 775
88 293
217 729
606 406
183 677
646 663
43 494
244 168
523 738
214 629
53 570
62 273
253 791
472 365
555 789
796 435
634 722
249 458
564 151
698 246
306 416
32 196
652 722
504 760
139 436
671 407
30 293
765 243
289 534
475 493
796 283
529 733
358 687
108 790
589 289
147 306
80 324
704 729
546 244
674 33
159 571
18 723
700 622
239 338
331 536
99 113
311 52
675 2
558 770
515 579
370 720
575 655
133 504
137 42
526 524
565 42
512 170
385 321
186 144
7 206
191 775
343 744
101 27
528 442
386 586
596 380
677 386
58 408
204 737
464 484
234 754
399 70
102 303
570 430
185 319
443 153
686 71
62 424
304 193
379 117
12 84
234 473
112 622
648 763
189 709
297 716
324 19
228 474
663 23
117 9
120 406
708 580
85 48
282 224
90 45
435 532
577 152
667 692
658 516
500 530
247 6
267 460
358 592
472 735
399 763
220 36
737 118
224 47
78 371
355 97
87 227
18 115
590 206
157 422
285 220
803 515
549 9
630 698
721 254
80 2
133 467
800 779
32 357
514 632
200 230
527 505
711 364
605 31
369 354
480 400
778 673
563 397
463 776
123 386
345 790
343 295
56 329
789 185
580 102
594 598
101 678
671 750
285 213
532 519
324 540
701 152
313 629
297 178
704 542
408 75
525 405
32 801
735 588
417 131
475 632
187 655
478 130
706 244
765 599
567 736
352 320
63 235
70 646
713 546
326 225
292 81
578 148
722 432
396 37
78 287
10 625
154 634
637 393
762 294
452 379
517 148
257 371
499 461
68 350
200 355
132 708
443 274
301 261
710 227
655 427
270 801
750 314
475 680
248 703
20 76
531 230
331 643
595 462
67 444
202 227
220 183
136 249
337 467
766 229
85 251
307 356
666 604
276 266
521 43
292 540
486 61
633 612
614 75
262 188
27 786
784 546
32 652
576 73
372 36
687 303
232 356
305 37
659 553
453 688
473 336
28 418
585 555
69 346
749 157
490 250
282 379
661 679
79 332
579 431
634 533
546 627
601 484
72 577
785 765
771 507
210 380
622 130
607 697
365 438
720 134
3 258
42 414
730 758
640 327
681 651
116 40
445 761
506 434
326 519
461 426
244 404
444 169
263 569
589 552
74 186
627 384
186 13
261 605
523 784
161 396
52 792
532 546
627 250
539 262
153 186
155 682
447 503
512 292
363 591
787 645
146 491
129 735
640 152
364 376
572 309
351 183
462 78
325 552
487 521
751 460
71 387
298 586
246 58
247 424
121 569
620 216
286 43
680 29
647 22
692 506
341 148
162 774
569 702
147 272
679 539
511 430
97 494
742 478
135 132
215 556
313 238
347 668
386 516
276 656
64 91
646 675
188 737
797 525
797 120
302 259
675 698
675 241
91 406
201 330
403 582
27 623
503 567
40 744
483 465
707 260
193 449
797 63
552 365
790 374
578 107
724 510
407 802
708 336
307 588
399 425
401 58
765 317
699 414
507 600
436 674
644 622
247 47
431 292
768 488
697 617
411 271
125 458
420 87
577 380
407 140
228 98
193 587
11 460
624 177
336 483
164 92
722 47
668 426
595 762
393 713
690 593
378 552
509 624
165 480
458 634
732 353
443 124
507 155
168 437
332 486
6 666
217 687
531 503
572 217
205 182
498 128
705 312
211 742
284 98
267 607
90 86
505 635
7 418
524 368
619 111
468 591
544 348
69 66
750 552
128 572
222 608
730 451
173 36
410 374
195 75
397 710
714 280
187 798
96 388
791 396
705 128
751 738
293 587
366 19
794 259
601 320
199 401
30 511
420 799
596 77
88 476
531 295
589 335
365 58
190 490
65 774
428 299
798 702
56 63
369 136
423 96
371 787
500 170
319 750
624 708
89 748
181 419
509 118
83 698
148 743
97 380
522 122
800 482
451 622
453 4
473 659
291 268
438 429
480 723
169 511
542 392
28 195
428 728
32 715
146 425
614 364
421 444
794 556
137 743
3 20
480 561
391 112
485 763
373 437
715 281
460 431
706 636
339 710
624 776
737 325
21 388
187 433
25 270
98 748
653 745
516 39
79 357
771 652
370 185
579 311
262 1
590 85
404 744
26 166
119 591
