859 1147
521 352
111 685
394 68
329 532
324 459
249 805
62 350
750 839
578 660
75 387
689 66
513 293
183 469
570 235
805 565
507 319
42 157
663 152
783 526
282 25
108 840
492 559
131 593
472 541
347 667
695 561
504 789
524 684
283 179
101 221
60 765
713 843
495 712
606 581
23 97
2 430
394 724
365 182
709 737
66 218
757 603
507 332
261 603
179 837
200 9
199 117
220 513
223 136
472 170
27 93
11 775
365 684
734 335
183 369
817 96
785 39
151 360
281 505
105 806
541 588
547 521
410 427
478 612
727 6
288 396
27 445
848 710
715 779
67 89
828 606
243 740
149 419
374 499
130 96
369 408
314 46
682 731
225 489
26 49
357 650
741 380
538 390
583 503
261 129
523 459
340 730
673 154
429 490
640 468
168 255
462 742
113 170
775 350
205 583
376 386
81 773
594 424
804 543
478 690
441 502
853 668
601 737
165 670
680 195
375 645
433 167
400 66
811 738
707 225
620 761
256 839
472 402
298 117
836 268
4 793
741 411
665 663
464 851
616 591
688 771
128 480
42 682
733 282
703 527
768 492
786 367
599 750
303 7
563 663
197 91
262 364
174 854
735 316
487 675
494 490
467 723
228 680
669 521
20 276
399 287
37 56
526 315
205 89
271 489
329 526
712 468
619 326
652 680
172 597
89 560
404 825
844 475
15 725
697 473
438 558
445 673
68 556
826 267
469 837
560 855
249 482
366 329
438 760
687 606
103 9
580 637
221 540
254 399
427 706
277 665
34 767
233 630
5 754
447 239
367 170
86 366
184 654
593 56
27 225
503 642
299 437
110 259
203 687
44 471
367 144
810 828
845 107
736 470
617 416
552 176
254 480
415 809
714 135
542 823
645 775
714 12
331 22
442 450
742 739
856 526
145 630
661 69
230 685
660 165
276 594
582 509
471 248
611 490
530 478
410 370
490 63
158 130
600 855
423 287
89 709
494 89
629 738
650 441
507 327
762 266
326 210
484 323
345 495
508 17
282 38
706 210
279 286
355 217
200 396
259 96
794 416
611 820
36 462
822 741
70 382
418 160
440 803
650 155
464 708
108 413
467 53
622 744
269 470
578 157
506 622
790 333
424 844
660 53
119 75
772 559
799 229
497 542
54 16
434 497
301 219
506 584
807 223
857 385
72 855
712 412
112 345
262 429
331 242
344 772
162 795
165 680
124 568
715 560
772 295
164 404
33 758
605 609
131 288
26 534
326 32
89 39
478 587
782 643
597 100
110 762
309 56
227 407
141 393
779 537
318 487
794 697
125 444
488 437
312 188
123 776
494 164
465 45
590 39
636 694
337 212
712 308
671 684
267 225
86 423
281 492
834 175
15 787
400 237
272 486
465 168
57 75
849 476
244 696
830 131
329 744
710 842
666 809
634 665
578 512
495 541
843 20
786 777
682 341
202 781
88 666
265 273
295 494
359 245
225 406
191 802
313 260
51 285
384 409
296 757
43 610
400 40
168 821
302 337
629 565
663 660
828 770
327 479
405 336
537 821
798 627
705 254
92 659
712 420
825 139
377 228
86 854
97 273
112 343
764 468
474 303
584 15
673 615
322 56
456 144
768 130
106 553
742 782
493 502
437 238
336 11
508 112
258 351
714 371
410 317
17 427
168 586
141 375
561 21
517 719
232 255
772 105
537 745
172 430
771 802
525 63
642 19
478 750
214 479
547 618
145 628
479 753
804 641
758 644
167 830
119 245
472 98
588 112
112 334
394 150
364 314
35 526
108 168
401 690
318 428
592 360
21 154
814 80
535 561
659 368
416 408
107 316
319 262
389 24
714 216
271 550
734 714
321 403
68 312
79 408
795 834
76 632
329 281
234 73
645 425
390 776
299 66
105 367
681 214
619 227
671 442
269 828
74 846
739 14
679 219
820 517
455 169
719 762
833 354
572 723
281 400
318 302
735 558
364 313
305 321
544 585
80 315
770 579
523 635
5 160
534 843
806 369
417 271
682 163
83 843
245 158
395 522
766 346
402 18
800 654
64 269
565 381
78 742
791 628
156 348
214 105
558 794
29 290
451 755
549 817
437 311
786 499
519 694
422 330
445 155
727 254
135 32
596 56
206 145
667 261
729 473
815 106
672 492
476 245
620 498
574 773
719 745
132 660
200 496
464 371
605 336
439 409
733 838
482 115
125 488
849 181
205 665
291 516
53 763
299 122
680 218
631 84
224 235
716 356
525 18
833 28
198 732
787 798
489 568
551 232
124 230
170 361
265 369
450 167
128 86
289 568
538 22
648 834
562 25
619 517
623 99
114 645
690 347
130 84
14 187
778 430
642 579
546 281
762 155
668 711
644 856
733 506
387 325
565 595
742 4
459 62
81 341
48 393
545 158
586 682
104 533
743 729
391 741
371 214
173 798
695 635
47 718
481 715
494 669
19 149
151 371
63 95
468 342
822 440
88 92
257 781
776 779
357 187
587 374
277 637
50 528
395 187
270 622
194 495
477 338
485 700
229 115
645 37
797 528
291 485
341 478
546 272
267 330
789 245
593 554
704 110
25 723
702 695
620 550
760 722
6 170
219 266
644 172
56 223
268 299
14 206
417 200
22 798
373 494
799 715
727 93
119 698
345 612
138 616
520 97
419 513
773 280
136 362
546 682
123 71
415 728
641 224
364 811
408 406
490 221
13 831
459 652
251 573
262 548
836 807
330 455
69 625
334 606
600 709
349 245
130 309
115 293
735 173
440 447
707 420
432 52
320 623
550 218
140 839
853 408
186 15
790 419
531 562
750 223
242 41
131 407
377 807
56 623
627 859
430 197
530 707
396 808
611 126
586 833
341 401
224 9
454 325
507 253
491 103
602 495
156 292
128 847
463 107
841 789
762 54
253 384
365 117
125 289
640 816
394 788
767 418
126 318
675 252
693 312
111 593
535 386
251 826
371 209
601 638
81 41
15 579
39 600
486 233
417 548
759 201
618 91
273 373
90 654
498 46
651 303
639 446
414 274
189 602
109 148
642 700
317 284
757 815
730 744
230 839
526 525
395 517
520 769
448 302
419 801
838 480
61 640
661 579
732 277
414 42
770 316
712 182
408 513
670 191
213 76
547 785
438 671
612 704
555 425
812 779
664 412
360 757
740 708
8 149
31 358
814 685
247 393
79 252
770 399
349 684
345 718
187 38
73 4
379 325
165 636
729 323
624 722
845 621
758 844
65 397
712 685
261 38
90 605
648 43
673 727
291 715
352 647
49 546
345 333
138 774
103 730
703 94
442 146
572 750
74 296
316 858
338 313
771 161
224 83
529 276
451 40
556 849
496 151
323 462
712 338
148 237
12 540
301 315
522 43
178 409
565 832
135 417
664 625
687 697
610 715
109 443
503 532
161 296
463 637
473 110
613 288
246 779
553 382
355 410
63 617
794 675
679 803
8 859
27 664
790 748
672 295
77 198
797 417
76 799
623 423
674 376
300 284
278 95
165 669
272 199
405 793
685 620
488 824
59 692
676 358
302 761
179 529
218 764
344 303
758 814
652 690
731 548
716 176
788 105
651 141
713 441
296 274
793 362
759 286
692 185
16 127
89 371
559 511
223 346
171 803
802 845
386 390
425 508
103 840
714 509
338 734
603 508
476 24
491 208
341 531
480 512
21 385
736 372
268 480
380 470
308 363
250 834
263 196
339 239
715 186
257 809
139 174
470 732
192 253
681 327
699 722
696 195
820 685
764 293
674 701
690 438
755 380
678 712
646 804
744 235
507 396
582 478
614 217
719 349
844 784
127 148
830 505
48 696
651 396
859 98
284 536
184 681
544 347
416 762
602 570
235 386
59 57
794 444
801 207
119 468
159 813
15 850
590 14
215 556
219 831
149 332
514 532
486 560
654 637
190 518
188 626
654 714
76 398
42 328
856 507
381 31
96 589
590 424
453 761
48 155
582 402
381 301
818 77
724 644
317 228
668 761
342 512
195 78
766 358
259 633
166 733
6 190
265 424
556 384
623 607
85 232
204 624
274 415
30 57
343 249
471 824
538 61
778 450
378 847
30 475
423 693
246 120
330 170
555 553
787 831
207 170
425 471
267 440
523 410
273 72
336 791
394 1
802 130
477 494
159 259
215 511
236 92
129 353
807 455
368 172
506 623
56 281
355 351
852 697
604 48
821 194
857 236
358 249
445 258
423 150
709 247
695 280
110 296
699 406
470 222
382 812
251 314
833 707
80 677
95 679
477 467
201 641
215 683
64 435
431 405
543 454
421 175
118 229
598 828
664 715
176 397
582 432
490 415
372 567
338 793
747 741
207 94
273 71
622 280
605 288
145 191
809 17
325 495
660 265
646 44
354 546
163 732
273 783
64 130
24 767
735 252
145 659
832 674
425 564
419 241
150 529
69 141
453 238
787 847
466 198
432 122
491 839
721 557
293 278
105 472
638 754
480 477
52 47
196 256
534 340
802 270
114 547
663 490
834 352
176 232
820 641
143 422
328 607
49 671
501 777
832 496
383 74
88 791
858 732
336 494
168 59
852 132
636 531
702 774
304 555
764 292
590 396
737 119
184 460
53 584
758 270
141 454
528 121
823 853
423 496
715 206
712 688
652 393
618 541
433 103
344 532
559 700
405 404
383 808
782 80
423 65
524 730
669 543
261 237
75 221
804 534
37 736
50 568
297 28
114 840
476 615
171 121
744 794
479 161
373 565
272 575
794 568
683 769
510 87
2 20
124 616
621 102
335 324
700 463
171 305
618 481
293 194
846 104
101 360
600 212
641 322
483 578
87 73
620 411
549 582
587 671
438 401
411 693
52 382
138 793
801 51
285 482
170 637
632 428
504 481
695 742
795 267
261 265
367 827
547 301
832 738
106 819
597 765
817 244
131 488
288 368
507 612
56 546
431 466
289 519
395 807
278 417
378 559
34 208
798 384
626 605
178 472
531 698
232 448
213 354
559 287
149 392
749 68
261 334
255 610
210 146
4 377
41 312
282 467
702 838
3 632
832 27
855 813
72 353
430 601
230 586
451 482
566 804
719 230
260 281
161 745
833 146
27 148
307 10
594 670
492 118
780 35
507 637
127 843
720 496
842 356
245 285
830 398
818 207
541 41
658 521
424 192
208 379
705 453
93 406
260 727
730 94
127 728
585 716
706 476
395 693
243 263
224 381
242 116
