1000 9888
301 694
893 188
768 53
806 605
366 36
423 231
81 468
366 3
266 302
360 157
161 476
543 765
389 164
200 693
954 514
651 558
835 285
253 514
83 501
677 546
90 332
203 167
236 336
832 18
451 940
937 350
259 358
80 441
818 715
571 769
958 311
62 456
412 655
929 531
759 690
199 849
592 435
316 83
979 405
412 574
739 628
629 349
41 220
792 900
598 488
302 21
305 855
712 407
568 538
932 27
182 430
383 379
790 169
918 82
704 170
188 891
904 572
852 466
175 623
412 883
614 499
951 414
111 621
387 535
707 682
67 523
767 854
783 925
384 319
862 638
296 603
461 831
957 922
337 369
102 51
987 475
751 418
771 970
439 840
957 779
101 377
358 280
659 685
807 477
684 424
297 960
997 959
875 543
178 594
721 949
703 749
7 810
245 811
488 16
877 554
219 208
152 455
116 568
100 389
372 674
603 38
696 644
293 538
958 772
342 57
270 266
7 650
94 590
904 320
405 765
480 295
285 855
199 241
271 228
238 873
259 676
430 905
226 689
687 556
635 215
925 359
568 156
640 761
40 533
666 873
727 604
578 13
269 340
52 868
296 334
170 299
152 818
834 210
604 265
31 750
930 737
970 306
293 47
373 977
249 680
752 198
861 956
308 556
437 832
283 358
416 581
718 846
899 16
369 854
496 659
539 41
23 120
11 962
762 146
321 600
692 633
607 366
884 737
386 20
568 526
317 494
836 524
822 555
666 859
272 147
841 951
76 905
148 526
738 636
997 543
157 712
396 364
555 829
3 402
685 178
581 97
448 611
1 149
276 281
421 784
693 712
664 962
846 494
149 134
116 207
449 980
803 240
231 526
125 7
73 692
113 583
441 184
81 225
924 675
176 187
566 104
346 199
55 303
595 904
778 168
444 932
449 758
730 865
52 405
682 524
792 68
962 268
891 414
910 532
967 541
933 669
998 545
750 70
53 158
401 405
190 25
447 385
548 871
53 271
570 923
812 793
351 46
502 910
992 329
154 104
312 818
899 944
556 553
874 1000
191 518
288 239
201 514
473 805
866 276
648 95
649 234
8 254
65 499
818 659
645 425
865 596
107 955
791 836
994 432
753 887
344 165
535 323
84 47
467 161
13 85
343 818
913 975
52 525
644 841
918 312
481 77
818 68
601 364
514 333
26 19
173 160
415 103
435 605
986 746
98 673
168 810
154 255
127 148
871 94
68 281
987 613
760 169
796 721
124 528
864 71
728 120
278 647
746 23
769 244
92 165
366 956
357 7
893 949
113 611
77 136
224 708
498 479
704 606
355 570
593 799
30 6
346 219
510 590
630 955
385 493
738 821
371 772
389 429
66 298
945 757
584 435
966 845
471 353
405 595
445 902
962 272
570 861
675 541
368 669
280 483
389 79
220 547
748 752
858 80
911 206
510 955
938 168
441 656
886 610
941 803
52 62
74 594
610 608
591 999
939 270
982 940
338 863
299 751
853 204
526 802
765 528
697 304
937 353
192 824
795 762
835 606
549 852
36 633
95 158
192 855
946 320
505 144
770 562
643 288
37 17
576 973
320 11
339 793
891 708
875 315
767 377
460 751
486 875
892 746
753 692
469 669
643 830
764 132
495 632
701 829
362 207
718 416
990 453
760 342
926 621
513 408
385 13
793 952
261 91
595 4
64 716
448 683
813 920
641 380
860 96
115 988
222 653
870 9
260 467
736 326
414 35
947 596
491 668
485 573
637 63
214 412
140 535
128 119
489 954
846 81
405 917
944 233
817 381
660 157
462 713
646 441
472 585
364 559
807 239
461 303
599 9
211 824
195 351
323 274
627 320
189 421
831 74
377 957
468 620
565 58
273 650
915 39
664 357
995 373
800 869
454 986
277 947
901 169
173 770
374 141
70 650
623 458
181 547
844 421
256 646
792 632
619 623
655 463
808 462
570 693
807 640
114 601
939 520
100 516
285 694
256 932
159 936
652 470
212 45
505 29
412 575
564 243
773 530
540 291
814 326
871 307
909 82
780 181
914 635
244 414
520 926
206 289
671 889
635 109
749 949
785 521
767 480
457 845
865 88
594 190
271 514
634 663
914 797
332 734
225 362
44 234
103 329
875 752
513 277
591 212
314 32
121 538
564 12
346 369
660 208
112 883
408 84
962 519
266 30
711 896
624 799
819 838
125 211
189 886
526 186
727 250
34 901
16 760
233 49
773 510
241 587
907 360
780 762
472 549
808 991
971 573
173 625
341 781
566 350
901 491
704 979
268 984
803 905
181 869
790 957
708 473
56 635
941 875
558 523
217 49
915 432
596 747
981 959
393 446
572 579
199 22
166 165
408 905
481 725
687 781
622 818
435 132
654 975
535 713
39 574
699 246
835 679
969 761
252 979
990 65
807 565
26 282
615 620
47 41
984 26
914 99
197 275
736 587
350 307
499 535
745 787
374 341
502 414
527 571
879 824
74 177
644 741
150 122
633 934
101 728
728 910
613 367
880 889
311 45
956 166
926 538
874 363
483 390
430 837
396 365
771 779
809 476
211 342
605 122
515 270
504 599
44 206
465 423
891 352
231 696
453 398
491 727
295 351
44 93
546 507
803 408
208 350
320 772
10 172
397 796
401 729
977 46
17 777
694 973
141 963
846 824
918 645
833 623
635 551
82 605
929 188
747 853
324 546
695 557
509 634
972 886
95 737
105 35
797 125
484 936
329 873
899 661
661 478
536 8
647 735
887 250
778 282
63 276
198 894
360 869
750 54
471 531
739 803
355 42
164 524
368 431
882 138
778 636
174 605
526 246
570 762
830 168
818 656
87 833
53 593
517 290
856 402
912 484
179 231
843 188
183 695
481 467
320 95
174 942
395 911
808 164
311 275
205 812
577 377
933 561
303 767
515 63
918 424
794 234
5 769
447 960
983 754
268 245
452 874
948 887
110 778
311 49
975 94
348 976
262 479
533 944
89 942
556 503
611 612
45 118
762 504
983 976
660 947
324 51
864 88
628 481
331 957
794 319
493 30
818 393
107 388
552 741
491 691
868 979
314 216
742 40
871 908
51 999
833 385
239 38
595 822
962 591
566 117
396 382
262 627
458 830
189 702
778 77
553 575
102 693
793 392
337 772
269 397
765 348
309 246
440 123
265 496
133 56
959 108
548 821
697 85
593 484
862 674
433 807
549 625
752 579
125 735
4 974
791 532
635 158
101 206
280 772
53 403
493 812
184 128
756 854
649 180
668 240
892 406
415 625
680 542
933 244
773 104
667 264
575 643
364 174
634 188
652 563
212 10
641 774
456 604
809 88
922 793
746 549
339 905
839 812
291 874
454 458
455 551
934 16
82 38
961 934
659 807
469 647
400 914
297 558
836 581
343 567
415 90
533 611
112 539
192 387
984 671
968 292
415 235
533 980
880 528
426 688
653 411
660 457
244 457
993 832
745 295
747 465
676 851
846 39
251 555
626 629
703 391
295 244
371 882
209 115
671 361
180 660
440 313
60 994
579 454
962 450
191 52
379 316
324 747
91 224
589 161
937 640
241 307
116 597
820 843
164 791
186 519
759 326
6 282
432 651
216 928
627 752
190 982
686 955
854 41
682 398
166 47
417 277
377 670
985 479
967 155
456 779
865 689
576 524
297 61
209 729
341 428
18 897
854 554
763 335
782 967
770 535
112 123
576 810
60 251
443 741
396 149
236 468
684 832
606 225
391 402
122 287
451 703
184 694
166 634
760 405
596 251
979 245
447 907
694 36
625 541
955 405
187 454
632 262
822 764
415 62
866 752
832 768
686 95
845 136
600 284
604 159
258 278
851 141
998 108
232 603
197 771
751 428
955 187
828 683
371 48
79 483
581 941
984 921
470 932
343 430
536 290
647 54
675 185
141 845
608 244
461 346
93 323
389 339
979 527
730 651
547 883
604 864
22 193
901 712
25 637
313 963
450 242
933 743
627 430
220 1000
917 534
78 506
907 760
655 159
267 758
978 740
768 305
511 557
402 19
596 645
820 77
238 990
449 197
433 760
325 570
937 184
942 587
744 846
965 618
822 505
60 808
614 835
477 945
79 877
890 90
593 81
883 783
645 570
248 278
799 501
503 882
491 138
679 847
974 613
72 977
550 760
520 955
760 288
128 579
743 233
984 680
32 757
270 910
895 259
534 63
25 29
372 204
854 856
49 167
158 835
271 608
165 64
40 714
243 89
375 556
512 648
841 812
20 919
243 198
645 825
155 888
780 953
195 107
470 819
172 841
634 876
730 879
252 255
253 274
261 141
234 405
949 48
113 816
898 234
204 457
136 130
261 30
281 880
109 452
934 319
368 706
241 84
727 700
794 427
342 202
803 932
290 593
365 235
223 221
838 554
806 212
184 323
406 710
635 98
818 574
639 682
736 923
865 761
938 871
514 694
697 756
700 685
536 694
921 680
830 824
597 19
320 33
984 72
838 359
142 286
435 272
739 510
922 770
814 268
104 793
115 661
466 281
999 129
1000 865
106 816
982 945
567 605
552 170
970 921
398 678
572 181
844 946
934 2
278 968
540 411
779 629
67 935
505 310
322 900
859 560
72 862
128 976
384 330
723 33
482 689
203 43
12 322
675 386
953 548
132 911
884 120
222 663
199 5
505 897
197 987
695 76
92 167
275 641
812 168
140 621
694 140
318 688
500 563
564 680
211 960
52 452
822 224
494 81
849 198
595 934
959 393
981 577
176 296
57 27
854 949
665 724
246 545
137 467
903 998
693 238
786 576
533 341
942 929
564 381
179 105
843 654
29 651
151 583
852 688
446 587
485 613
717 826
645 45
459 22
597 356
264 8
801 359
921 924
256 510
445 72
126 663
307 27
36 635
56 281
388 312
389 513
123 688
732 706
581 483
529 72
362 299
254 277
705 716
69 160
913 826
600 146
289 192
172 318
927 446
345 918
223 925
337 266
67 673
162 343
954 235
512 705
654 357
770 265
138 431
310 865
681 883
828 998
873 177
951 701
558 988
937 886
151 414
280 291
968 880
260 380
333 354
599 11
341 887
380 195
385 745
869 257
748 726
530 417
603 253
915 41
961 315
194 394
285 25
132 84
763 96
85 84
485 746
1 951
910 14
454 250
810 354
350 59
213 535
601 31
382 616
809 42
156 543
155 168
49 766
691 187
913 917
421 694
315 159
631 621
194 213
868 67
770 169
308 792
737 954
684 615
944 764
32 746
636 435
922 143
318 780
309 599
366 536
721 639
104 519
374 779
636 28
779 488
283 556
984 922
822 398
971 832
573 728
758 732
742 241
567 820
445 746
135 370
525 934
341 553
641 233
256 137
593 240
523 205
906 223
217 740
436 898
424 970
575 177
156 257
86 966
200 717
364 668
902 818
458 440
132 185
777 36
887 129
299 664
854 74
169 180
904 161
669 895
691 731
477 526
990 805
350 804
98 229
207 517
613 514
176 560
917 790
610 776
395 90
830 797
373 990
772 485
900 363
526 421
486 678
677 7
578 52
727 897
451 666
602 966
987 892
201 935
112 326
477 82
102 353
250 476
468 395
698 616
349 408
335 165
796 601
876 399
344 520
383 745
67 744
254 243
158 817
306 636
913 556
127 579
384 163
686 235
376 776
323 771
175 866
150 420
176 47
116 240
953 489
332 930
977 403
483 687
907 424
927 805
104 664
367 168
993 900
137 293
513 898
203 548
223 425
774 43
613 17
635 569
137 438
564 491
357 339
434 239
134 866
276 975
225 929
153 650
218 566
565 528
5 24
762 543
392 600
894 996
679 200
572 112
669 978
122 801
777 541
855 907
344 283
305 583
716 83
735 177
420 843
799 916
97 962
184 307
369 969
540 976
136 438
467 324
911 583
717 712
576 996
920 865
960 498
192 108
299 832
691 66
36 949
719 400
97 161
60 19
942 433
391 469
658 920
550 650
556 111
19 814
245 394
266 513
692 719
288 797
831 808
580 616
600 294
840 501
648 723
9 95
577 522
941 41
298 852
625 774
383 530
646 518
59 952
673 676
909 604
760 906
803 438
245 895
248 486
90 816
767 734
882 308
510 589
186 271
849 197
479 902
25 907
545 332
234 627
6 429
651 856
926 210
587 934
694 862
384 725
18 432
997 295
123 134
364 740
833 363
597 498
321 191
259 737
705 849
78 717
151 652
857 142
251 40
78 892
1000 642
857 63
326 330
109 858
147 709
331 160
919 291
188 303
446 627
912 435
682 325
294 647
299 799
538 388
646 236
153 930
465 912
391 424
433 370
948 567
291 876
58 609
700 400
222 820
577 347
268 223
620 159
933 780
970 954
37 449
59 137
98 721
830 646
782 476
533 609
330 428
849 724
633 205
136 893
875 888
380 570
342 334
845 608
352 219
753 284
120 103
327 882
798 562
36 508
111 920
223 690
37 374
745 182
341 675
710 903
738 869
375 900
52 473
396 891
627 39
792 16
952 81
656 21
826 371
422 334
707 44
212 918
638 756
930 277
72 860
401 449
285 262
998 748
697 119
868 200
86 133
797 183
648 828
13 982
116 13
142 10
143 375
455 449
273 58
991 416
819 211
89 306
878 626
94 61
904 883
154 382
215 305
875 280
890 491
643 63
809 203
315 158
852 601
687 174
14 73
733 444
809 340
520 897
740 804
871 18
231 947
641 691
59 2
150 191
210 106
28 799
399 724
786 59
618 142
825 552
662 181
497 623
243 127
723 329
840 235
732 9
254 861
534 371
280 98
540 974
440 360
367 151
61 237
993 701
893 348
38 971
419 498
150 965
827 465
379 75
290 728
347 489
214 123
881 414
111 481
424 745
920 750
868 236
544 298
873 562
307 180
806 174
313 740
748 985
436 455
455 421
866 268
247 775
498 194
217 208
145 83
986 600
118 16
632 193
947 98
431 189
914 297
724 303
335 273
598 409
636 580
933 492
520 44
258 180
313 967
61 289
391 497
647 91
235 3
790 222
168 185
524 782
743 154
102 358
22 875
295 741
171 715
239 670
100 837
55 37
248 101
459 456
869 840
419 166
331 914
888 53
392 826
409 892
46 651
470 599
788 696
898 264
113 663
650 697
614 126
983 815
931 336
772 852
333 118
760 990
828 876
11 254
450 306
732 412
220 680
771 712
702 636
538 709
389 437
674 5
638 850
720 331
958 853
573 970
708 804
410 949
413 448
364 626
293 570
704 899
587 522
873 925
142 928
548 867
143 393
237 30
530 723
296 496
167 311
227 24
834 807
476 284
13 909
415 777
94 328
331 54
848 860
668 239
743 869
86 316
4 231
922 622
117 666
389 555
105 982
201 663
165 52
351 857
83 663
834 421
622 700
771 180
13 499
692 938
771 61
149 625
478 487
481 65
500 347
562 490
999 131
36 5
53 993
885 932
50 169
713 680
386 359
851 105
874 330
295 542
810 782
763 802
547 241
766 455
562 12
474 719
475 186
258 732
386 393
814 825
822 452
20 966
591 137
974 3
762 523
851 308
727 345
732 497
39 387
55 348
756 951
179 237
837 666
911 391
750 661
295 606
275 462
846 795
884 458
25 571
299 436
599 97
769 639
860 627
104 171
69 935
731 454
713 887
716 402
542 274
322 145
818 593
284 85
500 917
985 448
336 331
550 152
242 491
631 71
428 916
658 57
102 296
23 361
669 727
691 387
340 211
688 526
654 272
95 967
408 883
636 204
706 348
529 445
89 326
558 960
64 4
456 686
257 899
849 809
481 109
136 512
193 593
230 192
75 533
757 81
621 123
598 675
214 980
396 417
499 494
395 27
749 862
258 305
442 82
188 946
559 685
871 207
563 550
949 513
676 775
516 656
480 368
387 988
211 640
231 765
72 90
917 84
286 125
110 353
295 241
641 492
631 29
897 313
647 792
794 931
447 155
289 41
685 581
825 975
445 934
318 396
764 196
954 668
152 654
560 315
765 855
303 425
779 45
511 522
294 228
652 910
998 892
160 24
610 512
838 624
930 615
326 292
200 920
916 566
151 843
21 366
748 773
199 876
312 673
691 415
268 372
730 443
930 841
951 977
737 621
421 338
817 296
904 884
959 726
106 596
126 403
198 12
273 347
725 894
207 246
212 152
658 846
774 852
791 110
616 732
801 830
465 146
741 912
154 128
597 668
671 869
598 719
508 533
274 873
611 592
816 440
944 333
569 848
14 863
475 373
132 946
906 68
82 49
304 123
471 225
552 273
236 810
699 66
646 719
738 548
685 107
153 362
797 593
194 120
546 217
196 72
824 753
567 75
626 517
395 917
718 205
976 988
423 467
320 768
941 274
120 354
854 541
425 367
324 276
327 631
827 343
332 783
977 454
686 542
444 925
854 652
488 21
881 546
254 572
555 289
276 838
579 423
873 134
774 915
53 20
17 579
61 241
96 680
226 731
853 96
815 823
233 513
277 469
949 507
678 779
735 462
203 233
935 184
561 707
94 365
706 115
429 760
467 573
749 47
217 166
571 947
754 327
293 89
260 150
961 39
554 190
169 84
909 400
998 776
87 814
866 111
813 564
634 243
155 182
265 986
50 416
378 821
288 533
217 497
58 951
170 985
235 245
680 902
180 384
700 89
757 152
687 333
727 880
893 616
917 712
221 171
334 378
979 3
616 839
589 704
595 83
870 235
395 35
44 445
607 664
115 246
870 122
488 964
508 757
197 996
291 355
954 161
205 473
909 647
876 830
764 959
693 501
788 415
803 898
314 290
850 816
598 741
391 746
674 2
768 67
492 553
642 548
811 167
445 637
176 414
436 96
560 664
62 73
523 457
85 296
13 571
665 904
812 553
156 5
398 833
273 999
844 410
905 760
960 679
706 87
653 636
692 230
100 585
435 228
19 485
493 614
66 984
810 459
652 410
268 403
182 187
1 520
162 53
572 193
700 398
518 795
44 618
338 331
835 933
953 990
676 963
239 761
700 125
956 406
653 145
567 975
70 301
418 706
310 348
116 411
499 277
842 301
791 372
873 369
361 345
528 84
505 533
340 961
381 43
326 756
811 596
479 738
6 246
617 773
301 938
341 653
543 775
823 805
658 961
917 160
744 384
34 159
521 600
924 563
780 830
964 284
685 742
686 705
601 731
394 449
640 489
489 581
553 856
327 349
191 242
506 256
33 240
294 1000
26 875
585 373
52 59
689 473
795 981
818 590
509 949
344 505
921 879
475 77
339 574
601 151
235 881
326 328
294 810
853 41
315 740
222 24
204 515
26 303
539 486
865 484
520 137
294 532
705 147
981 454
106 896
123 546
658 875
136 312
871 411
804 464
770 192
387 656
279 390
541 815
893 528
748 373
490 5
438 237
663 508
222 596
228 245
548 44
154 752
111 708
339 970
637 668
876 608
129 27
591 130
885 478
373 33
775 21
962 572
690 955
362 652
634 816
599 806
24 882
312 264
42 369
670 23
656 577
741 98
545 479
985 656
470 88
971 485
128 281
111 350
96 653
272 43
299 288
302 641
998 738
229 634
802 345
843 687
789 589
437 405
299 689
455 538
251 216
961 990
967 774
90 342
678 895
368 412
424 670
612 247
355 102
545 170
618 800
179 404
881 210
809 781
795 814
136 481
689 958
84 287
745 310
86 357
938 311
91 721
735 24
661 869
297 178
744 741
883 902
449 535
207 112
335 319
815 1
838 418
300 114
531 438
457 389
990 249
404 644
421 290
518 848
406 94
676 296
455 519
885 126
227 473
871 447
853 656
178 424
306 373
317 555
59 151
940 756
889 228
598 716
508 534
777 185
957 547
318 819
174 311
803 133
309 596
718 304
849 583
595 39
851 145
263 7
590 878
93 686
985 318
797 592
376 862
784 325
793 185
704 620
409 640
977 91
713 498
876 874
769 416
293 802
884 365
537 371
510 94
944 138
449 748
560 228
698 489
169 765
702 465
831 183
155 958
708 194
761 807
782 336
833 567
122 566
29 10
142 859
470 100
390 5
22 414
445 826
656 843
553 545
130 786
189 309
464 732
851 920
194 493
307 182
401 205
900 161
5 451
913 298
606 743
551 376
790 656
826 841
866 266
403 760
957 161
900 192
201 761
933 136
854 776
330 991
957 18
444 75
942 702
467 282
506 252
87 809
787 975
369 524
687 110
296 740
416 603
137 154
331 584
248 282
156 533
14 623
43 660
704 29
286 623
13 269
295 743
875 949
879 549
735 577
63 744
597 544
882 880
763 792
499 562
451 330
35 11
550 990
862 604
314 94
461 989
478 837
84 580
234 233
91 352
788 698
111 877
811 619
575 495
256 74
521 722
668 775
975 645
279 882
930 6
760 103
258 907
298 876
100 464
233 817
898 731
518 144
439 761
200 153
377 798
525 856
747 840
261 443
860 617
951 222
203 950
403 88
372 819
835 189
855 166
87 280
324 958
553 908
16 961
441 894
902 797
192 564
82 888
375 29
213 482
938 54
820 686
830 867
695 718
717 786
646 278
765 891
281 918
446 376
792 518
670 555
32 139
539 380
27 128
505 254
531 272
143 734
37 103
240 125
627 891
499 984
436 668
785 109
52 612
606 199
308 526
40 164
170 555
711 3
619 840
457 93
114 892
594 456
157 900
715 714
810 746
580 708
857 525
580 619
736 650
116 993
811 681
629 162
745 445
339 300
932 319
441 508
953 409
724 552
328 793
662 482
313 934
142 582
459 462
777 933
116 975
65 587
289 3
769 281
556 967
677 43
1000 201
506 670
603 100
677 725
933 699
915 160
203 850
226 378
114 107
77 885
668 440
843 53
928 277
731 30
566 283
774 895
939 247
243 738
136 232
424 159
213 390
327 386
644 320
459 10
227 54
331 297
709 870
394 691
520 477
868 309
373 881
688 659
877 193
273 83
772 51
131 333
39 620
478 20
1000 532
748 178
382 624
937 5
580 907
91 777
322 595
335 459
563 108
305 812
841 195
823 471
793 864
667 843
26 113
176 686
663 295
162 625
474 911
515 175
96 646
580 591
840 276
253 801
254 74
349 545
975 776
689 241
167 710
224 920
958 727
461 997
524 133
229 409
600 547
289 860
237 638
455 185
44 34
965 422
345 549
767 622
463 409
328 821
948 814
368 673
183 51
85 540
746 422
660 10
593 25
668 621
635 994
11 486
596 886
566 372
185 479
114 399
761 952
797 32
857 461
330 631
555 114
42 67
481 993
647 546
743 969
778 735
108 704
938 25
892 320
71 93
290 772
594 812
520 505
369 773
334 817
374 54
251 313
179 4
697 711
492 69
240 54
820 91
49 528
710 463
415 737
635 468
757 864
549 393
98 63
725 130
588 702
387 465
540 313
814 328
853 302
212 154
123 961
221 468
719 341
831 911
932 2
404 987
283 558
693 987
433 125
898 1
512 899
73 423
970 703
993 246
427 744
819 942
987 305
683 863
391 905
50 544
937 948
510 430
82 895
741 864
495 94
261 498
262 85
64 972
907 384
401 759
438 266
171 397
100 317
582 669
731 245
995 100
3 904
105 779
873 132
466 722
360 81
21 756
299 510
262 774
398 454
240 406
960 959
298 58
302 674
572 679
820 219
769 611
459 69
212 651
338 801
857 203
532 437
327 219
387 158
639 839
834 301
566 668
273 27
379 507
518 531
317 193
360 715
344 208
348 744
627 783
539 246
925 932
396 182
514 497
726 560
947 261
714 24
453 52
974 622
779 588
892 927
254 416
275 797
535 139
611 993
687 316
727 739
489 241
698 999
934 751
495 815
79 172
113 701
603 558
73 323
715 924
496 854
11 21
233 133
954 175
348 370
519 437
150 440
519 179
72 404
492 773
242 860
688 245
214 478
324 266
949 151
438 278
522 205
307 729
508 110
368 537
884 497
466 694
342 493
270 382
76 185
114 68
321 294
159 894
53 231
80 203
288 24
270 152
35 427
610 599
900 247
77 690
445 206
713 954
950 953
226 991
562 933
69 627
360 521
861 759
934 109
97 618
490 967
460 540
632 949
463 911
134 869
70 871
161 985
36 723
338 551
545 947
14 302
877 510
92 602
255 446
350 390
407 965
653 941
290 509
557 451
473 633
918 307
101 661
102 438
662 820
701 786
315 219
305 993
770 109
22 454
462 137
374 597
712 676
414 300
785 424
477 340
353 878
449 879
287 951
179 726
438 33
3 516
940 995
779 423
121 619
563 636
548 232
953 408
550 842
954 67
132 795
149 163
208 417
353 584
724 553
883 72
917 256
797 648
780 602
968 202
237 955
539 664
366 161
9 306
552 509
51 651
417 53
653 89
592 869
419 643
403 6
376 740
234 654
863 697
169 581
764 18
13 716
910 362
541 86
268 926
506 369
125 729
679 232
222 365
973 395
960 534
212 707
658 421
606 503
551 434
408 378
77 551
523 725
708 735
200 974
896 596
373 993
672 120
454 34
792 769
978 936
889 259
959 703
547 677
931 610
871 260
822 968
269 968
399 937
430 165
433 199
126 340
164 113
224 204
757 94
467 569
211 54
642 388
609 223
993 120
475 153
392 919
836 978
653 260
766 407
401 973
689 240
798 402
784 204
197 809
914 835
590 784
719 948
977 317
797 586
358 372
663 589
958 679
315 675
318 710
45 374
68 937
548 403
107 965
327 908
608 238
828 995
298 658
560 65
154 670
231 155
911 484
897 318
167 948
884 189
152 499
247 330
581 614
323 138
933 717
56 783
493 198
99 723
911 186
324 608
185 478
95 807
428 710
345 224
322 472
114 287
130 682
227 196
506 405
75 392
316 918
235 718
984 134
758 318
830 155
545 793
674 639
812 623
397 637
695 983
882 762
758 425
316 244
597 101
321 810
131 57
403 956
192 57
528 579
984 5
378 796
365 754
138 16
282 38
199 623
420 167
503 789
314 532
92 288
419 80
40 411
261 829
481 255
945 136
620 416
948 821
844 838
210 527
500 956
463 296
233 287
784 153
913 15
879 624
426 670
392 770
48 228
46 371
175 853
732 150
788 672
977 281
816 153
301 863
859 797
269 41
971 839
592 624
385 268
119 605
746 348
513 8
16 608
536 343
423 93
86 761
345 433
772 914
522 185
501 830
267 526
587 917
894 531
769 320
823 525
772 98
722 416
975 886
335 389
587 610
200 586
458 594
498 851
375 786
686 878
66 15
229 961
489 940
801 177
289 389
331 527
887 13
355 132
216 254
35 770
365 291
252 727
352 910
114 741
501 227
374 19
965 596
839 63
933 182
718 948
501 148
670 751
950 765
587 63
58 963
517 344
320 74
763 478
286 691
707 501
809 154
978 515
135 602
926 867
47 382
608 524
40 488
616 827
193 542
573 307
903 486
300 825
11 822
89 974
25 118
408 362
12 340
713 33
916 453
242 635
707 543
456 165
718 189
721 751
647 131
963 310
431 884
533 232
884 220
133 666
29 857
655 517
162 122
457 686
405 982
449 718
233 823
767 694
246 991
674 112
17 915
273 553
387 559
94 643
683 482
151 712
247 419
748 644
894 926
551 171
186 569
958 187
317 273
484 806
99 466
166 30
575 438
248 781
449 10
912 686
804 916
472 213
34 612
588 3
147 831
518 722
846 767
939 427
668 235
363 349
553 317
327 190
296 274
558 718
999 584
36 732
614 579
828 290
900 421
722 301
153 600
544 135
839 176
734 414
718 771
130 312
773 706
173 502
249 112
781 247
250 283
269 931
701 928
813 678
212 741
62 746
236 681
865 658
227 950
527 661
992 806
704 234
888 375
126 27
36 231
68 196
86 303
689 203
31 44
292 984
421 828
831 565
832 765
423 335
600 585
660 419
510 404
556 268
298 556
86 583
91 511
78 235
372 460
731 143
23 684
703 813
191 25
431 622
837 535
90 172
898 701
993 761
431 735
26 439
784 819
229 904
927 715
933 522
57 255
373 668
83 891
872 148
289 476
364 880
627 650
757 711
901 189
448 315
657 969
544 93
381 831
682 44
630 494
688 661
393 511
86 348
147 712
960 309
818 687
912 424
201 695
312 632
683 539
500 485
283 393
856 117
620 502
516 201
95 420
406 433
779 937
102 448
140 229
113 394
794 166
466 503
766 698
197 101
399 985
933 305
136 915
224 75
893 557
620 811
801 903
732 877
14 980
534 159
277 556
866 743
391 218
305 157
499 99
281 212
790 428
375 716
25 223
903 204
211 644
987 359
842 558
898 460
828 525
647 321
845 84
674 359
103 515
519 893
301 332
612 673
132 655
719 725
495 303
450 374
312 267
649 519
439 690
759 569
997 100
274 526
417 860
96 594
495 330
604 953
973 332
332 84
275 530
790 937
937 427
755 428
467 692
982 85
749 182
142 924
259 704
167 507
329 265
28 3
302 614
294 309
769 807
240 217
863 451
26 620
619 615
910 16
288 303
426 117
792 751
577 111
759 131
463 838
50 297
527 777
472 427
625 347
454 15
114 928
353 376
141 79
365 753
406 93
482 975
362 157
273 488
580 655
448 882
328 264
684 605
600 372
893 561
231 942
288 858
700 151
150 176
244 11
245 766
410 421
656 85
106 20
332 726
187 189
315 480
798 399
355 950
943 738
436 596
607 817
261 623
335 914
323 954
310 212
367 45
980 724
875 534
307 827
146 560
309 484
826 62
885 721
745 38
854 640
910 918
892 172
751 248
54 344
385 557
632 368
544 978
262 885
854 755
394 309
453 982
898 869
812 291
81 303
908 460
468 537
304 634
125 958
433 862
517 882
76 230
172 285
545 105
947 685
532 337
497 392
406 578
119 49
514 907
56 451
520 264
648 221
702 16
722 850
852 613
246 444
943 270
156 940
29 474
898 474
669 746
231 441
268 645
240 894
257 700
574 185
979 459
273 170
538 90
297 316
887 707
389 724
619 865
856 45
322 665
142 436
4 445
617 675
719 24
857 645
520 979
144 71
328 292
149 826
352 442
903 481
979 7
242 655
202 724
519 657
352 41
463 271
309 693
571 206
609 119
614 224
907 192
984 973
10 197
414 99
290 53
94 983
699 211
183 418
777 573
850 925
299 161
727 289
863 929
521 544
884 332
745 2
251 857
739 764
679 459
261 246
445 633
75 915
312 178
994 914
557 452
483 139
74 327
381 568
38 891
590 436
99 379
337 562
913 489
200 810
570 928
593 257
460 312
557 742
65 168
372 988
636 161
244 555
303 210
531 55
968 763
143 261
860 825
700 582
536 927
743 563
928 89
347 956
724 401
369 963
126 717
826 987
645 357
494 837
151 252
465 797
231 306
549 921
829 121
870 591
950 481
681 418
888 666
338 327
174 33
16 463
948 712
58 710
934 559
650 770
11 708
429 45
527 660
384 466
644 592
168 297
802 15
336 955
100 316
871 81
119 496
417 542
332 655
900 905
794 404
965 173
475 177
331 949
232 410
586 933
635 318
284 968
894 511
788 107
290 89
664 854
155 861
871 533
893 61
841 578
290 456
609 750
526 751
263 511
759 709
547 641
474 191
682 888
189 408
925 4
284 396
838 879
285 869
96 852
866 495
403 343
18 394
479 64
66 231
929 803
640 698
934 60
445 65
798 607
696 129
861 729
74 317
852 850
477 720
922 591
482 198
429 589
770 224
178 207
711 59
342 570
203 352
830 707
437 479
761 334
942 757
782 866
258 198
136 694
818 910
47 320
73 221
734 10
921 431
546 772
733 338
899 480
168 374
13 338
534 156
887 862
28 817
548 40
76 857
6 948
554 746
671 930
860 529
876 604
20 880
556 354
278 696
483 694
559 537
671 51
240 516
128 209
475 10
148 156
167 848
78 85
904 363
896 214
59 696
722 152
245 861
216 825
937 895
295 125
647 488
100 491
891 480
176 459
530 758
811 227
962 333
364 695
751 965
937 537
441 842
425 461
950 581
133 141
493 998
151 608
66 88
484 767
986 153
164 765
973 415
494 432
223 18
908 748
946 571
428 998
268 531
584 916
950 871
151 838
173 650
999 514
820 407
514 710
614 863
705 81
852 800
950 170
691 482
820 262
57 726
250 225
287 420
252 823
201 803
365 752
495 143
991 332
369 757
563 77
116 80
662 771
957 934
923 341
282 87
980 162
799 430
893 607
378 764
182 420
864 331
971 975
278 907
944 755
729 535
508 530
20 566
516 595
408 238
576 494
941 218
324 236
552 391
680 348
718 308
798 396
466 141
491 548
662 335
872 627
872 536
85 874
466 796
676 895
510 429
760 968
842 515
505 819
861 357
111 43
993 582
337 922
779 207
772 924
275 412
708 387
756 675
953 33
593 122
151 678
284 325
846 44
592 958
4 836
616 52
543 557
837 768
476 876
445 167
798 757
749 153
622 985
695 791
296 425
39 723
955 970
977 534
445 24
212 261
375 347
820 452
749 42
734 646
950 835
22 514
481 748
688 862
28 151
468 990
584 878
607 178
903 685
207 288
689 737
732 641
198 222
95 511
26 146
305 873
71 390
623 949
314 649
577 261
460 959
118 679
837 219
948 868
127 959
572 24
844 789
169 484
880 38
517 543
12 723
262 379
581 87
325 297
205 323
931 201
186 16
519 438
387 795
375 548
910 849
851 529
55 374
612 529
653 933
190 459
3 912
138 110
377 44
567 475
720 434
281 21
975 566
501 879
409 529
375 842
945 711
34 958
149 479
389 448
891 424
588 456
471 708
953 61
517 964
354 562
692 350
142 827
721 314
189 484
669 58
974 258
891 624
568 211
367 59
878 837
873 528
877 72
3 151
754 277
39 759
711 193
35 800
758 356
960 299
961 6
320 138
672 95
111 275
748 842
126 754
217 310
628 784
937 45
496 459
973 855
725 214
382 939
643 351
59 388
791 975
191 895
123 541
415 331
53 890
270 309
352 377
459 575
705 315
357 760
709 339
502 499
91 872
362 334
386 206
975 176
541 838
875 4
913 743
988 317
970 784
918 16
824 993
487 331
36 225
651 260
853 950
935 216
340 607
419 328
187 228
29 537
111 909
684 475
106 747
451 72
537 207
578 997
41 551
392 570
154 697
525 918
877 599
825 836
589 291
578 532
238 856
727 181
394 379
432 954
380 64
608 291
602 90
422 436
726 358
910 361
432 664
604 582
697 92
256 406
310 729
958 85
268 921
658 273
91 554
388 2
834 78
502 992
748 904
905 265
35 732
218 586
471 812
865 541
299 903
749 143
984 189
801 601
84 613
903 868
67 688
409 416
84 230
856 119
178 95
785 77
92 569
808 250
37 232
311 852
979 371
89 761
719 381
631 641
896 764
400 907
261 966
765 970
465 683
905 854
909 774
496 16
184 897
200 52
888 405
337 497
811 331
799 53
939 414
408 252
651 288
873 336
492 938
555 652
681 601
462 394
54 916
497 981
336 341
978 156
82 361
854 523
232 262
125 197
493 417
439 543
466 811
473 768
893 192
986 290
859 976
999 289
793 450
133 865
836 288
767 907
868 913
261 205
744 159
247 500
334 835
489 548
25 885
950 683
272 974
857 71
976 50
262 681
670 314
32 378
910 325
161 346
716 428
256 626
954 521
830 444
215 632
421 233
45 992
740 393
541 168
251 332
952 153
626 272
700 527
543 506
78 931
20 338
940 16
255 285
296 236
114 591
888 902
351 782
361 778
929 552
548 396
559 954
946 237
303 856
344 871
515 832
329 245
610 94
443 877
230 695
737 477
287 308
469 239
870 999
376 423
675 663
88 283
590 550
886 349
62 819
546 664
742 316
951 609
581 114
968 329
235 442
853 992
422 854
210 244
379 663
140 719
915 691
185 978
721 640
745 266
873 477
513 156
719 826
99 901
745 155
157 317
214 438
56 976
223 556
423 94
996 364
858 333
498 122
841 537
935 451
3 908
834 754
156 490
980 948
657 740
768 155
661 448
773 134
207 894
961 366
692 490
143 434
165 342
989 964
157 135
742 644
178 547
820 86
25 225
350 253
367 705
830 43
545 841
564 83
841 309
491 313
454 847
144 35
227 451
784 542
855 733
514 683
678 126
666 542
334 896
10 747
412 742
640 897
199 814
312 562
669 522
885 36
268 485
35 498
394 822
109 573
313 968
652 323
836 736
126 256
975 223
705 463
525 92
712 573
219 543
145 656
849 644
461 758
312 121
997 516
814 74
624 360
713 857
755 526
162 292
163 197
187 219
113 901
745 341
102 970
825 589
292 566
849 311
901 458
765 251
551 68
380 863
954 26
744 426
693 77
543 460
802 214
219 72
773 439
336 428
962 400
992 402
752 996
322 139
346 125
55 535
259 862
721 31
105 498
34 814
492 438
20 365
924 971
892 55
470 389
238 161
720 864
100 130
670 370
70 558
159 779
156 3
70 697
397 295
56 407
256 681
186 806
425 38
463 538
682 132
174 619
125 278
951 881
574 200
411 963
598 210
217 309
883 980
204 533
314 42
151 254
559 237
796 241
230 541
526 30
840 801
367 329
382 936
476 437
424 8
903 656
740 566
580 803
176 601
710 154
622 433
622 566
550 307
39 826
771 909
545 657
305 916
37 469
370 882
297 568
50 160
857 528
452 860
29 763
391 243
270 960
220 71
917 359
422 783
79 140
228 586
764 644
805 562
475 179
6 857
250 830
172 113
563 576
712 902
120 212
508 313
186 125
244 355
262 134
565 631
819 795
197 595
755 791
779 185
357 413
967 724
159 427
343 222
767 914
848 356
96 409
95 160
632 315
636 259
522 412
752 768
755 183
519 200
688 332
413 445
752 671
935 24
412 251
234 797
218 134
764 413
782 292
347 583
793 706
961 455
778 695
284 172
657 974
485 765
40 984
113 134
385 983
118 177
669 831
697 686
511 962
88 115
765 775
821 533
550 125
607 100
103 545
494 871
319 275
762 990
307 256
92 570
210 600
170 520
814 305
401 747
670 949
408 894
329 278
741 788
501 943
799 436
250 429
230 742
218 911
671 654
529 865
16 188
315 104
83 244
641 784
955 118
604 338
96 121
495 867
545 366
946 159
881 844
861 302
591 197
858 596
767 900
516 814
738 650
868 557
957 876
372 444
309 397
422 612
557 215
301 537
161 142
327 537
509 726
574 618
955 484
918 744
190 275
63 227
321 448
928 616
436 951
367 857
298 944
262 799
212 926
329 862
254 741
313 277
831 127
928 310
912 971
712 461
327 460
717 108
27 432
262 569
85 234
195 614
143 462
754 203
46 233
166 584
128 721
116 291
880 246
450 680
142 18
679 281
913 589
761 526
152 802
407 186
395 658
359 733
246 898
605 645
450 484
164 477
511 998
38 498
848 938
667 494
136 374
327 366
553 395
917 874
889 291
218 833
771 493
166 481
338 378
600 89
965 815
788 872
92 653
554 630
295 872
294 602
478 422
316 325
214 920
608 723
382 194
590 551
718 536
22 19
225 133
210 979
358 91
433 991
605 250
392 951
871 155
489 169
767 858
948 928
259 512
483 839
84 558
818 843
441 319
777 693
427 892
86 531
638 92
566 604
698 145
238 334
992 446
315 707
836 103
530 822
436 885
54 172
482 356
210 422
464 295
696 545
609 545
691 870
109 325
39 30
901 335
596 937
771 775
714 651
998 561
365 108
699 628
744 11
372 852
247 72
323 392
882 937
167 267
579 859
228 267
344 264
397 258
666 893
491 149
243 846
565 261
207 524
636 894
929 602
528 532
653 370
1 692
494 799
922 820
170 561
743 428
783 513
992 560
168 18
991 674
683 757
724 495
672 642
69 222
89 560
272 112
280 539
820 24
154 124
727 777
801 979
14 992
142 4
945 921
158 687
481 661
378 234
554 652
922 232
102 120
694 412
477 651
590 733
349 689
576 379
996 604
723 508
63 615
376 785
103 358
231 685
803 52
626 721
699 103
242 710
23 673
48 19
93 573
721 892
152 17
669 500
337 107
671 154
622 460
470 841
418 236
937 804
241 407
646 972
686 573
210 394
980 858
931 438
60 367
447 216
950 737
552 816
493 138
920 820
5 254
669 135
742 583
652 683
58 24
431 692
911 254
143 96
407 431
797 227
674 878
364 776
75 455
178 434
87 628
159 923
811 897
184 333
80 494
606 294
928 92
970 459
857 902
423 743
874 879
58 238
839 31
537 853
187 604
683 563
424 98
959 646
457 502
638 984
478 348
170 533
135 549
137 757
819 384
861 773
308 955
936 100
663 243
154 33
433 222
594 531
831 962
609 694
818 203
126 587
736 320
24 636
81 637
776 555
258 946
68 269
505 685
732 820
845 627
224 3
666 166
336 589
244 78
963 504
267 49
399 532
976 358
756 33
439 791
154 997
690 755
620 624
457 620
646 654
298 552
25 880
858 480
733 928
975 615
962 578
618 480
195 49
648 717
498 34
206 851
959 435
797 308
655 906
432 956
968 862
753 472
807 255
276 773
551 879
677 735
346 961
698 282
807 76
811 9
557 549
890 514
941 902
502 708
798 785
536 800
702 489
61 731
774 10
47 920
490 775
397 761
329 643
578 470
946 530
468 818
97 536
649 161
971 549
123 364
736 945
532 618
825 480
40 872
874 927
649 818
818 683
677 228
611 96
207 373
884 527
576 840
773 546
661 396
425 844
376 286
857 849
367 943
11 660
250 426
468 357
983 736
948 687
642 494
765 301
168 377
913 705
128 519
550 574
76 965
500 933
248 54
521 929
963 468
380 674
253 172
272 501
1 41
549 369
974 244
280 992
564 880
653 481
214 569
140 692
167 845
43 451
153 263
491 176
599 846
676 2
162 79
738 890
608 539
704 694
997 31
341 539
935 473
427 78
708 213
926 164
416 317
317 685
533 270
475 858
459 369
690 393
6 390
229 839
74 920
188 996
310 520
425 306
613 929
150 929
604 548
275 208
540 732
474 768
375 451
151 917
972 151
844 40
703 257
303 151
143 382
826 700
351 251
924 65
356 515
485 865
87 685
922 686
463 834
230 587
857 915
161 737
882 582
478 647
444 45
649 468
110 598
857 828
931 517
112 197
459 616
466 324
925 843
931 658
658 838
328 445
936 60
98 283
830 728
279 306
727 868
103 14
857 734
917 700
81 564
23 841
634 296
83 34
376 24
16 153
861 111
295 585
595 447
561 371
449 174
434 539
760 237
300 112
237 715
788 685
43 414
909 667
772 889
348 283
888 134
464 248
493 733
360 441
347 85
129 794
186 349
149 343
797 331
621 903
56 833
453 833
403 212
557 331
692 103
925 167
458 209
216 647
802 402
34 776
592 802
939 23
225 915
726 317
251 927
539 730
385 707
977 873
673 16
88 752
329 714
751 843
609 870
868 149
669 964
69 776
289 408
588 20
21 297
887 8
155 499
726 910
951 879
682 480
80 402
193 213
321 920
503 432
105 993
568 391
571 824
350 29
443 685
464 896
891 225
196 931
931 592
126 548
625 379
517 323
564 733
559 184
83 371
209 988
340 386
364 230
126 439
640 818
257 594
476 322
524 688
926 868
642 295
559 876
754 771
166 669
245 444
818 36
892 917
876 370
533 575
75 725
794 13
558 226
671 833
158 684
258 238
435 74
205 751
921 134
44 307
410 389
411 337
358 471
723 990
750 821
508 416
163 199
655 273
954 198
837 597
667 599
337 328
301 813
803 55
111 874
314 200
940 900
814 661
301 958
357 103
855 488
33 273
879 486
574 592
704 766
778 93
746 361
287 541
271 952
483 318
695 545
95 725
933 880
479 842
869 510
392 206
953 867
214 45
731 501
330 550
721 319
359 945
105 530
320 495
738 944
543 915
394 646
859 454
109 219
203 918
298 314
924 26
415 897
610 947
118 218
249 281
31 689
456 989
53 677
292 291
598 323
322 582
269 77
571 693
832 135
923 240
905 605
410 10
490 375
625 496
643 209
476 294
792 969
761 144
635 942
283 718
356 904
395 776
947 359
143 326
532 907
27 709
819 673
947 404
128 572
992 827
723 189
196 347
611 568
309 612
845 626
167 586
386 495
281 195
870 143
104 155
176 999
582 275
73 353
871 819
728 515
902 293
418 743
798 346
450 508
550 516
471 22
474 502
901 595
171 442
190 490
120 418
375 954
546 130
432 814
114 128
560 42
445 552
964 260
683 436
256 581
584 271
518 6
9 22
545 420
33 136
643 851
700 768
347 552
372 909
388 13
338 848
247 160
625 80
39 660
86 938
65 57
181 579
960 266
44 800
979 391
452 525
986 862
684 848
649 531
248 490
340 442
396 116
91 638
308 920
183 796
330 240
576 248
775 568
903 519
714 574
308 783
499 328
935 775
944 346
317 696
945 247
909 916
569 835
383 683
806 941
673 749
525 324
819 603
452 80
805 724
862 543
441 289
349 760
940 957
383 990
672 887
343 414
570 462
127 551
703 622
603 266
16 634
937 978
223 565
337 946
689 293
267 907
72 289
163 586
539 979
208 161
601 654
802 860
773 286
167 3
649 256
902 178
30 265
164 795
888 424
316 590
685 595
63 451
63 609
431 367
802 337
548 861
695 670
545 49
312 844
97 714
773 65
96 995
338 820
730 366
878 286
436 501
313 614
374 9
636 852
71 235
37 87
221 666
661 877
408 809
271 725
890 219
946 281
838 267
820 258
714 781
786 494
291 980
383 186
221 267
437 894
488 241
408 856
117 458
155 165
247 603
736 700
311 318
439 357
689 586
796 938
283 281
784 866
291 818
388 993
760 417
886 289
654 543
468 378
931 866
434 822
383 361
738 797
120 943
796 584
283 551
487 319
202 701
941 214
745 493
687 406
172 498
126 84
77 400
650 568
686 218
210 243
106 416
720 684
756 26
667 763
172 59
524 160
950 78
699 202
561 173
923 770
963 209
124 307
551 214
636 921
517 601
24 113
8 598
270 506
129 906
648 646
25 585
931 228
730 782
787 317
437 508
518 63
388 784
156 276
32 298
30 357
687 211
678 689
899 676
935 34
756 589
194 114
985 357
803 948
113 98
898 896
973 508
702 138
830 95
30 643
991 232
60 478
186 769
225 998
744 811
191 528
708 654
808 520
492 17
610 940
685 355
903 907
596 623
88 958
70 882
301 426
244 513
939 611
335 362
173 635
658 137
390 772
248 435
620 59
342 20
161 784
456 640
610 97
757 254
338 348
601 354
196 578
415 480
953 969
338 239
266 528
990 511
205 541
331 686
426 858
318 836
540 599
323 750
984 692
876 645
732 850
309 527
1 374
974 787
225 272
227 894
429 486
784 251
434 572
988 123
664 929
670 141
224 1000
281 151
263 99
301 812
824 807
438 463
663 514
462 449
210 358
711 970
254 871
385 354
632 179
773 436
423 127
675 581
530 683
162 231
404 280
869 108
680 399
685 341
802 439
21 529
481 832
168 786
468 570
454 637
347 463
260 462
68 361
866 452
299 753
63 360
160 89
799 109
640 723
91 627
304 948
247 844
702 992
71 34
496 112
887 412
674 673
786 423
745 984
762 998
579 740
31 577
153 493
945 415
19 714
60 38
780 303
642 264
516 497
410 196
49 396
287 158
998 8
791 286
483 931
447 580
361 259
244 687
24 749
723 45
559 659
874 195
215 345
126 108
438 56
346 419
337 171
409 806
230 187
324 439
692 242
702 804
719 846
816 167
851 371
746 168
379 449
824 690
57 325
314 348
744 393
465 152
177 748
237 948
909 623
450 159
553 822
453 792
955 586
99 700
408 445
47 580
532 512
589 1
882 13
4 649
503 55
677 686
569 45
228 382
114 633
322 231
431 789
919 598
62 253
86 231
986 817
362 658
386 763
977 412
213 224
507 911
795 181
122 42
182 768
130 359
94 76
559 130
523 936
396 230
507 749
349 130
294 525
909 32
378 882
988 511
92 676
771 3
565 13
900 677
150 76
888 699
979 228
946 39
197 111
843 437
404 975
615 905
845 646
432 304
155 172
864 275
457 835
559 710
407 565
547 262
106 58
767 163
182 255
774 531
885 308
941 2
194 649
707 196
909 996
181 445
993 851
660 333
608 118
182 25
82 357
930 125
711 914
237 519
258 984
85 515
299 236
906 92
530 864
786 758
425 678
612 676
790 379
752 815
398 323
265 167
539 835
670 175
845 443
497 21
902 834
371 524
742 525
601 943
18 321
844 245
275 210
96 885
795 539
521 444
380 437
424 647
756 776
501 359
963 622
535 586
574 52
189 10
943 481
1000 745
729 45
584 1000
839 80
291 582
202 151
113 304
421 503
722 906
93 479
972 454
222 253
226 224
979 418
175 169
32 937
272 124
58 921
349 230
747 782
908 813
288 626
358 207
841 231
791 209
776 534
266 972
983 585
163 92
296 699
779 262
913 572
355 773
614 254
814 780
48 155
124 622
159 185
346 464
572 710
955 182
224 956
903 46
797 551
853 512
176 63
984 870
982 246
905 425
698 156
590 998
195 704
924 686
372 403
639 51
11 207
196 193
676 715
381 347
869 230
906 112
375 893
397 891
111 167
910 308
149 454
688 184
502 608
29 912
301 651
30 475
566 185
18 387
739 599
868 945
941 955
730 958
826 397
789 519
702 312
668 504
946 758
798 879
782 368
929 908
240 285
367 604
522 789
942 890
872 210
692 101
270 55
277 985
596 761
838 586
621 90
56 366
406 678
834 293
672 72
840 954
216 116
992 725
644 38
813 921
979 465
942 711
778 940
174 813
190 947
644 949
203 303
442 621
919 237
170 572
743 425
709 745
766 538
527 16
455 589
80 833
607 653
258 58
237 758
740 892
706 956
393 438
309 925
1 452
974 993
297 593
616 945
890 301
415 1
115 851
577 570
853 925
230 144
141 561
680 317
488 975
992 127
27 242
728 553
380 740
864 57
774 362
647 248
571 986
723 736
374 837
345 756
372 498
798 143
436 852
994 842
367 188
557 284
744 317
724 755
746 343
855 91
397 927
91 182
892 453
133 933
426 177
635 565
836 356
345 263
473 378
950 740
203 929
403 99
43 952
621 651
488 281
416 214
769 726
511 615
151 566
248 933
890 604
855 814
843 878
539 553
884 255
208 807
284 68
838 551
485 709
227 486
211 400
598 103
292 642
386 647
574 204
769 76
174 734
196 882
553 439
41 107
805 105
847 533
974 688
496 351
865 159
120 667
908 870
925 896
819 389
982 595
829 228
499 705
170 931
409 233
587 843
692 556
180 675
184 891
150 16
832 935
45 838
27 711
987 709
969 114
420 318
187 29
6 563
418 843
404 778
4 283
157 558
728 662
603 514
804 235
457 896
774 455
745 893
707 992
159 369
141 678
977 346
405 785
953 273
220 272
441 229
868 644
742 181
197 736
332 841
918 704
704 732
828 885
871 608
453 802
54 282
807 248
26 133
299 417
357 379
394 503
878 183
882 10
853 304
834 937
636 509
985 307
750 109
398 390
971 320
575 66
706 239
308 439
391 474
846 691
265 348
625 86
184 364
334 802
43 723
762 793
818 727
229 740
216 189
652 594
657 236
217 277
754 532
387 111
567 662
184 569
149 553
939 827
957 495
770 807
455 533
224 341
611 835
225 12
888 700
304 413
636 758
875 86
344 942
719 233
933 627
335 240
563 789
419 13
934 732
940 665
870 222
836 986
508 635
366 521
441 438
633 330
742 484
580 455
374 824
158 885
215 380
608 920
711 487
855 332
141 411
418 49
494 272
572 658
629 943
577 780
430 728
527 431
147 482
744 486
997 28
677 926
694 20
452 391
35 143
132 517
152 507
427 67
265 188
284 712
878 224
186 678
118 481
741 104
302 796
583 629
214 248
289 151
172 713
26 802
461 433
431 361
734 626
825 182
38 133
655 44
428 845
303 291
895 645
53 328
807 851
647 938
1000 347
105 889
736 993
283 76
800 82
549 889
252 623
291 585
844 299
871 169
557 970
869 968
412 671
638 140
535 299
661 988
985 496
10 946
709 756
601 411
50 435
571 767
904 718
54 973
286 750
514 405
953 947
681 508
40 500
149 702
374 715
861 251
314 878
362 18
571 330
862 735
165 565
666 106
850 255
922 144
245 711
62 903
125 413
140 885
453 266
21 214
704 344
723 484
673 655
753 42
859 740
329 85
327 842
435 896
572 711
133 541
98 858
176 48
432 138
32 116
932 719
437 183
940 50
281 475
29 845
893 14
56 267
333 838
205 12
298 894
985 984
604 886
682 536
385 550
573 973
464 25
240 61
32 300
75 334
198 332
76 29
759 312
961 353
443 624
882 933
419 929
888 227
281 896
824 22
806 218
557 780
27 257
583 879
113 322
866 256
448 489
88 896
923 795
776 247
904 908
507 551
540 231
566 951
734 53
754 687
793 517
611 778
26 156
706 522
466 295
430 122
184 864
740 893
378 538
767 4
209 903
111 544
607 495
594 954
975 75
738 790
894 153
127 778
793 976
45 3
488 928
204 271
179 709
399 572
92 34
2 854
59 939
188 525
686 244
908 278
323 782
470 611
567 51
660 407
594 111
300 486
319 346
407 988
827 287
523 6
332 506
229 41
584 56
87 95
569 708
985 322
972 647
574 599
445 513
708 153
56 864
589 138
916 462
954 889
78 433
742 1000
319 905
587 937
273 545
56 207
384 710
795 676
940 459
262 731
854 385
251 956
738 204
915 255
458 638
518 424
646 381
5 11
962 62
319 879
490 815
53 287
716 497
242 360
449 2
13 897
855 926
878 357
652 728
156 911
692 233
677 379
915 330
351 828
243 991
307 442
459 277
574 348
503 518
71 322
862 91
98 508
26 321
482 799
258 108
549 228
715 708
184 892
576 14
650 781
135 967
619 96
657 323
624 314
736 324
993 107
576 445
560 530
724 237
817 642
287 41
720 840
662 47
367 287
712 146
944 256
319 408
358 502
803 71
876 631
788 753
439 787
645 964
426 606
228 966
409 804
461 72
873 408
604 24
562 39
54 249
425 377
114 191
846 244
743 937
651 966
929 248
274 878
548 582
846 536
869 398
800 651
375 213
327 342
163 689
347 444
43 448
371 562
679 936
184 15
258 324
76 37
482 268
604 755
8 409
242 396
460 347
778 688
429 676
531 88
145 245
787 194
381 823
187 926
549 481
832 425
649 165
523 716
428 904
892 421
86 340
970 694
695 970
403 570
498 708
389 879
92 896
329 370
443 726
249 171
33 615
460 799
374 381
681 264
657 13
897 574
936 68
307 301
799 435
946 37
162 532
92 341
331 667
760 503
888 300
466 126
805 27
531 113
419 12
513 488
895 376
900 852
888 10
656 496
395 100
689 92
880 670
63 955
951 216
632 898
426 453
723 297
462 319
796 27
93 689
969 598
250 989
569 659
841 662
963 336
479 600
815 914
48 430
466 597
285 399
250 13
6 776
147 338
906 778
570 158
347 363
167 60
151 667
66 433
195 335
494 523
953 127
755 263
60 727
740 81
924 776
798 881
626 937
567 425
108 809
994 412
906 414
234 909
588 236
56 485
574 939
901 153
174 565
652 634
657 941
255 650
592 134
259 345
482 114
264 161
334 910
916 937
118 1
728 245
929 546
549 969
273 198
373 125
305 757
303 870
16 352
532 872
535 411
62 731
896 815
483 729
879 820
979 130
11 692
455 905
314 879
900 554
560 587
101 549
887 906
176 836
267 415
917 251
71 697
760 130
281 15
282 368
67 762
31 95
14 811
607 680
21 213
314 65
775 844
561 448
893 811
144 174
551 741
550 824
891 656
802 861
286 58
380 817
508 382
383 9
833 881
854 864
366 247
217 449
155 794
851 617
524 385
67 54
732 316
181 34
437 72
475 781
96 582
346 827
323 153
850 723
836 258
285 4
217 758
717 1
773 383
61 573
389 102
356 239
655 895
790 978
94 575
759 315
161 376
790 845
630 524
976 419
428 818
857 160
19 247
60 473
612 158
155 503
528 875
711 218
187 966
204 920
608 537
759 206
597 159
688 853
620 272
359 764
674 664
737 532
351 872
969 745
536 728
645 410
369 569
300 637
841 423
640 822
875 644
295 954
810 618
818 81
377 135
529 2
573 217
704 104
409 188
266 543
794 885
267 443
253 782
236 604
898 251
525 109
353 856
542 570
390 327
469 930
861 480
662 243
519 286
158 500
284 845
533 142
291 367
864 59
681 923
96 149
59 795
928 856
345 762
966 948
517 666
916 704
154 684
730 719
768 928
841 686
146 524
59 761
315 595
355 670
281 551
587 987
950 331
298 994
81 498
512 84
769 699
517 973
919 873
229 923
450 88
327 409
15 48
649 430
62 53
997 390
1000 502
108 755
215 585
772 300
352 837
811 462
8 433
66 155
568 73
721 531
734 357
809 946
18 199
965 575
820 342
415 530
970 327
672 453
800 266
869 753
141 62
986 749
224 476
921 554
923 244
687 23
874 522
580 74
676 260
255 49
16 865
793 68
760 476
338 206
599 487
13 294
145 630
758 620
887 22
102 142
272 383
201 175
205 655
615 68
215 346
578 845
951 885
712 27
54 254
347 96
738 851
9 431
427 968
694 14
459 507
459 847
727 178
90 181
678 530
716 673
772 595
439 726
423 237
863 236
781 795
747 801
694 808
164 995
113 973
129 608
467 818
69 938
855 863
472 924
569 50
643 855
610 670
977 949
905 80
617 478
104 295
972 362
485 662
52 15
716 22
554 457
94 390
277 942
104 713
881 924
411 952
758 296
887 345
412 262
51 254
179 53
201 557
308 727
717 525
331 350
528 550
205 90
777 328
400 340
155 44
726 805
273 217
481 414
300 694
796 211
291 909
865 496
918 378
62 572
675 531
787 641
261 958
689 947
799 434
691 221
380 960
220 398
878 813
290 440
163 421
224 181
426 785
44 352
634 862
386 436
314 938
97 298
196 963
493 314
314 29
244 478
543 108
980 586
765 204
654 783
551 593
589 414
435 983
24 490
668 979
504 818
745 160
797 771
119 480
194 985
466 594
788 91
354 659
741 5
204 674
480 841
88 618
33 63
677 766
122 705
419 822
857 474
159 824
223 245
869 643
561 722
711 352
235 555
787 112
94 354
994 692
28 20
212 745
782 181
423 224
914 21
994 295
460 463
192 789
120 807
528 927
1000 748
305 522
527 227
74 345
238 556
973 647
728 82
174 68
202 229
75 881
705 218
192 51
274 636
66 532
734 95
968 991
663 193
903 726
170 982
689 590
762 140
378 661
783 600
642 348
663 54
723 795
178 340
124 788
840 605
123 843
469 683
92 314
457 147
560 588
942 106
908 14
624 323
642 126
696 272
935 766
480 459
614 354
447 665
142 774
880 556
555 848
607 683
477 402
429 271
237 710
842 504
906 797
580 180
90 984
841 800
670 279
423 454
704 632
34 35
152 426
651 944
546 198
234 554
660 66
220 585
612 347
974 358
339 190
414 953
656 12
480 853
959 71
125 337
52 161
396 271
554 967
446 505
929 897
911 17
569 106
381 668
464 712
468 768
824 24
826 746
701 494
39 715
744 815
677 325
715 158
843 933
23 1000
297 9
540 963
317 86
691 345
359 767
571 831
183 525
350 6
505 95
785 125
363 137
808 298
520 254
278 210
50 85
178 30
292 490
667 238
409 274
743 315
873 736
213 616
567 585
309 873
970 917
572 161
295 778
188 186
799 394
33 895
710 83
452 871
220 203
973 618
291 717
942 134
908 50
395 193
235 270
736 297
242 542
79 177
666 857
409 989
871 181
249 670
547 195
90 666
21 232
49 215
760 125
614 104
814 670
873 418
711 966
803 45
91 493
509 950
423 490
775 81
797 697
747 550
825 816
384 954
217 672
162 227
555 376
132 479
12 865
356 565
60 809
88 546
512 196
627 267
759 286
91 409
47 898
895 718
116 791
748 189
354 300
27 382
635 133
29 260
307 158
41 334
108 402
36 631
747 607
799 810
838 708
967 480
352 534
922 739
979 494
691 34
801 550
877 499
1 746
978 586
761 298
962 585
736 931
19 718
615 784
211 182
326 805
221 17
884 727
713 393
1 293
257 851
168 274
940 688
137 805
269 524
795 46
61 12
25 88
465 353
599 578
827 95
439 877
598 994
548 275
770 309
590 946
239 192
242 740
543 24
637 493
361 178
788 465
185 892
668 895
6 114
584 86
755 15
81 76
834 642
431 624
368 560
719 537
741 113
851 657
855 233
142 876
308 156
972 907
781 875
538 289
476 957
347 559
366 377
189 256
355 1000
670 337
910 480
986 138
273 813
899 625
757 717
494 413
833 277
543 882
13 931
913 259
821 892
598 549
266 306
678 46
660 557
330 904
169 14
758 344
248 529
672 115
654 7
51 110
735 952
925 112
54 519
685 388
404 757
238 206
979 155
509 472
168 208
463 59
874 510
302 127
257 782
885 30
692 764
904 95
175 612
343 710
288 778
511 412
120 7
121 306
434 625
73 439
951 52
21 191
102 58
943 720
902 822
3 621
797 607
64 589
431 833
31 411
272 634
998 339
301 897
413 199
250 987
750 720
561 613
897 154
2 574
439 535
134 35
462 684
30 80
492 727
241 337
521 615
354 656
669 295
390 660
750 306
833 550
579 70
507 99
968 975
748 638
971 400
110 60
57 176
755 265
630 695
902 838
212 532
323 405
146 390
720 47
946 673
930 518
94 355
722 868
744 820
545 165
79 634
800 938
304 880
839 76
182 881
623 597
922 213
151 206
123 767
153 542
482 850
110 947
302 185
454 404
572 303
403 822
212 174
842 37
683 807
191 505
83 443
926 925
909 209
412 815
170 382
948 649
201 316
607 500
934 620
149 812
419 373
705 404
784 5
415 41
879 532
419 42
476 9
545 858
623 474
894 243
785 621
900 842
318 911
620 551
931 212
720 673
314 62
651 213
559 964
160 680
12 393
453 312
508 376
988 946
862 911
475 199
355 535
765 64
608 133
458 788
441 34
372 526
584 110
788 120
459 386
115 292
910 527
240 610
959 515
18 511
642 709
863 597
484 287
375 159
750 441
130 884
794 340
739 936
795 71
616 61
322 184
35 977
881 399
937 397
789 628
828 539
322 299
87 617
865 883
576 714
369 844
504 725
322 346
674 551
692 587
999 904
832 403
540 988
613 562
373 829
246 37
51 57
109 787
886 245
559 209
192 993
140 321
930 895
630 206
961 851
193 457
729 303
625 462
787 587
573 102
979 385
714 12
149 735
791 128
428 291
706 952
267 300
828 395
315 56
392 971
64 376
192 429
283 518
305 66
918 331
841 16
292 856
768 533
127 644
275 519
187 211
775 946
335 971
817 120
380 736
950 188
93 645
779 4
543 39
871 579
124 765
430 676
54 16
845 827
3 818
522 366
280 77
986 371
695 281
76 463
501 886
137 341
11 380
567 323
200 435
591 585
594 287
261 252
869 407
526 648
854 277
985 682
12 866
513 771
401 489
328 599
63 433
265 74
428 754
964 460
622 160
859 318
695 684
544 726
484 809
378 308
447 886
848 188
227 9
285 953
75 77
276 684
123 345
288 242
878 731
44 939
649 799
743 225
995 437
526 119
654 40
105 967
941 397
127 262
710 29
210 590
136 309
634 453
291 915
974 692
248 468
395 945
217 479
936 107
330 198
719 352
386 84
630 69
344 982
573 267
274 897
412 791
248 33
379 777
266 545
41 692
444 535
138 326
215 340
97 381
525 683
28 965
68 42
270 746
72 45
115 81
354 939
991 950
244 363
634 959
263 211
391 798
820 700
852 678
930 27
449 566
120 983
285 424
342 315
695 381
402 644
739 693
719 619
298 821
100 505
212 787
484 24
447 148
694 959
608 316
630 825
82 185
345 950
877 880
646 311
313 370
479 37
100 174
816 631
548 950
484 195
811 300
100 829
375 429
303 248
342 854
951 828
679 365
761 634
868 314
501 417
434 535
633 560
540 4
800 185
106 720
838 289
623 673
112 65
203 282
791 885
683 532
579 711
891 745
490 706
507 736
606 172
952 595
463 149
429 869
156 547
127 24
398 736
370 831
991 739
940 631
813 767
939 844
814 168
653 86
212 250
343 592
770 210
255 164
745 618
447 534
230 482
718 439
864 122
885 142
44 354
230 125
791 657
399 704
662 206
115 783
861 564
609 437
883 274
240 207
650 657
558 510
768 667
662 296
940 74
830 178
401 774
142 559
270 480
128 457
419 730
646 911
404 95
81 431
998 434
160 986
983 458
424 991
794 805
65 979
527 297
655 868
103 875
731 386
125 943
833 470
831 103
579 214
723 692
566 496
761 820
78 654
635 223
262 561
526 866
602 12
824 674
697 496
665 467
957 21
236 145
532 422
667 329
339 744
382 526
329 386
420 815
510 742
919 343
577 100
805 422
340 6
537 824
408 862
279 101
136 717
710 331
948 628
933 504
793 557
297 350
412 953
552 196
515 984
394 246
5 806
525 47
862 304
429 978
27 643
908 8
233 378
140 994
501 916
589 606
491 591
510 249
496 348
918 832
280 852
813 22
997 713
444 735
798 506
945 102
430 542
491 732
37 856
297 939
599 762
985 770
219 246
183 339
928 686
267 860
729 985
803 382
306 826
419 617
684 43
812 496
834 600
690 916
440 487
242 16
872 426
484 976
926 139
803 604
984 422
384 766
312 212
226 635
298 924
315 790
686 779
734 963
146 344
863 741
241 94
683 3
464 315
727 123
220 792
424 729
591 827
891 85
412 426
624 616
17 350
604 694
455 4
423 618
597 299
506 44
770 679
478 78
13 474
429 634
766 829
527 193
485 910
210 619
248 586
299 966
697 844
235 964
826 957
782 648
106 955
252 877
239 645
39 777
500 343
46 223
395 997
417 813
269 772
73 131
395 835
793 698
831 982
649 702
657 372
340 367
931 772
438 820
283 534
154 247
304 296
755 761
438 167
442 170
483 794
283 950
163 204
370 681
572 880
404 226
478 823
444 739
858 613
382 26
290 217
590 852
189 965
873 416
410 686
346 288
223 762
464 219
125 132
181 146
350 763
760 861
543 324
974 803
434 694
320 681
142 662
308 186
915 146
361 285
348 80
213 259
730 927
363 666
942 808
725 664
962 58
946 663
325 746
17 681
848 189
873 542
87 524
131 462
829 315
976 273
980 413
299 516
283 935
397 431
13 924
216 648
919 302
887 410
230 955
434 180
17 100
914 234
607 11
511 934
494 848
558 581
355 394
84 212
50 484
549 910
911 555
476 398
168 103
313 898
408 662
559 101
193 968
162 925
325 191
37 331
114 651
340 284
72 914
625 634
532 914
386 196
121 171
598 663
124 862
948 834
537 665
957 524
10 571
616 914
671 802
529 781
732 780
235 492
880 999
793 944
153 17
319 388
943 574
379 761
885 459
408 193
245 556
728 522
955 245
149 182
944 98
871 953
105 42
340 839
609 650
183 411
741 413
724 685
450 358
414 213
480 294
685 838
798 127
376 642
134 887
53 44
932 993
767 910
993 757
321 364
203 832
61 610
375 70
603 227
604 600
385 595
534 887
631 305
318 226
859 394
933 911
950 999
187 805
313 482
955 927
61 836
407 312
66 250
359 547
431 438
549 767
291 707
806 230
184 369
23 264
740 366
291 592
61 82
240 97
83 722
619 516
666 607
490 707
307 267
115 722
373 22
670 930
520 216
496 719
62 690
980 145
691 222
839 942
6 93
192 359
458 110
757 466
339 826
519 95
547 268
787 813
179 656
770 501
499 111
128 829
326 688
628 464
262 200
451 129
513 142
647 63
492 834
592 528
737 473
392 448
11 310
882 355
632 352
650 67
941 704
670 6
450 253
738 41
632 463
115 304
105 433
214 253
812 378
777 173
209 403
503 17
674 831
302 515
123 34
744 701
803 878
166 82
27 312
534 566
138 755
273 920
810 193
499 832
425 101
155 412
340 144
857 106
58 833
669 651
70 920
236 397
516 2
64 193
853 335
467 252
178 720
71 262
917 994
495 714
649 560
874 577
785 176
750 416
610 455
386 29
83 445
326 886
527 672
43 931
883 546
730 910
206 309
559 371
121 355
984 735
969 13
58 372
421 902
405 1
816 424
708 919
858 799
611 721
44 214
63 586
279 665
234 228
275 602
375 597
68 99
627 244
25 816
547 566
711 876
403 491
699 816
981 866
902 119
834 601
797 323
120 481
727 134
15 314
259 876
793 420
536 773
618 691
623 70
55 954
494 142
521 274
405 679
355 836
891 374
484 928
693 864
221 954
95 782
795 588
245 767
569 111
735 318
647 628
597 441
63 381
764 478
270 57
695 872
633 144
920 622
122 138
967 246
353 438
477 417
818 664
88 901
537 832
776 252
724 274
9 531
891 803
710 293
572 350
637 643
411 304
766 540
25 11
605 386
198 88
753 663
62 128
726 578
468 310
163 256
787 698
998 102
386 225
794 226
761 109
230 472
311 57
872 813
779 715
908 45
715 573
304 953
439 149
707 637
474 642
984 554
415 156
383 616
884 3
813 121
873 278
837 371
875 704
915 729
589 466
543 115
774 364
315 649
153 342
101 136
854 990
488 835
852 660
384 14
497 907
314 323
232 108
634 776
690 550
342 285
289 903
570 112
831 331
688 203
944 165
466 537
929 215
693 374
825 934
461 274
299 443
506 653
413 431
251 947
198 734
271 166
937 606
938 161
61 718
482 357
119 120
229 1000
602 82
51 456
821 244
327 399
974 637
623 425
60 505
833 191
887 349
627 987
204 952
653 765
123 712
473 937
666 632
260 777
135 655
778 842
286 777
235 931
491 61
239 811
350 368
980 15
943 133
467 180
654 328
454 120
400 11
937 964
793 740
761 152
689 907
463 32
746 588
619 214
717 702
822 617
509 418
348 992
59 383
961 607
99 529
213 762
714 433
953 863
383 302
610 382
775 754
689 885
507 369
33 905
604 129
352 193
831 683
832 859
676 964
770 385
590 774
993 840
496 864
672 867
430 599
262 124
154 541
855 279
784 508
769 72
879 413
112 943
811 981
335 719
263 354
731 43
42 685
993 667
794 604
191 12
655 925
878 206
538 601
890 863
342 27
272 989
664 495
167 228
374 338
693 108
132 988
260 425
373 544
275 484
892 220
360 949
14 216
569 167
863 333
385 956
908 764
782 221
491 362
18 118
626 483
442 858
942 551
334 855
730 436
895 850
571 888
732 569
124 109
619 916
876 125
880 120
574 460
23 94
942 368
156 573
585 917
947 218
839 792
145 308
734 246
112 289
577 297
304 403
103 29
32 610
244 149
121 326
214 997
434 669
20 550
554 698
439 172
620 155
184 825
732 785
235 459
719 203
496 829
262 318
45 70
598 914
486 344
380 699
586 890
881 890
788 658
360 811
613 387
337 136
689 115
86 525
180 578
676 847
936 532
495 75
225 563
499 140
816 122
998 342
274 231
992 283
685 792
483 384
232 128
333 734
695 323
439 641
902 27
233 762
531 703
20 184
260 367
433 917
512 16
803 563
94 580
20 303
564 300
983 298
623 259
368 317
882 966
29 344
657 535
30 531
531 10
881 113
575 509
562 908
247 156
982 465
945 270
28 135
106 675
721 521
731 576
363 747
866 233
132 104
247 930
434 125
697 577
238 675
994 5
540 153
999 788
839 500
291 941
75 962
781 581
465 994
49 739
361 529
70 187
988 474
491 146
40 506
278 20
537 420
40 393
495 939
979 118
796 576
429 105
486 26
76 994
348 95
461 856
675 79
288 966
201 363
737 169
794 464
393 601
429 267
585 461
685 127
589 557
770 329
898 306
884 95
546 480
747 417
93 559
656 767
920 4
428 491
874 783
793 427
483 269
925 190
765 447
747 860
489 636
937 720
384 752
320 766
34 880
541 127
8 810
475 607
947 809
70 584
494 600
223 122
498 551
562 944
873 689
30 926
181 530
587 338
957 177
152 776
482 19
446 686
342 527
109 784
203 343
481 361
66 965
515 792
140 211
147 587
108 223
734 63
701 942
560 70
662 827
421 583
788 901
680 6
741 931
962 944
500 119
690 483
162 712
549 300
988 220
131 735
25 64
7 432
136 807
305 208
556 53
428 26
547 84
489 28
106 951
241 675
423 273
302 901
2 626
96 281
594 504
336 264
264 629
121 698
142 634
237 968
648 731
223 629
559 827
229 164
690 950
911 290
256 376
42 345
663 873
893 270
472 534
95 732
795 698
82 985
393 130
32 334
105 392
893 511
569 25
255 922
185 288
259 617
226 652
152 727
464 281
436 151
521 239
705 858
412 392
394 655
490 952
683 783
332 375
481 683
902 559
359 505
450 742
451 394
592 323
278 400
902 702
857 929
922 751
796 196
155 244
370 903
923 203
299 495
763 392
282 429
862 492
253 237
279 284
317 969
277 299
405 358
922 48
245 359
306 301
35 249
513 853
666 61
299 97
923 390
767 183
288 927
665 195
918 159
951 93
261 537
236 561
586 982
91 348
220 376
958 698
849 586
724 568
546 296
86 593
379 473
713 297
487 946
464 185
858 409
306 960
94 847
39 933
878 207
110 181
404 834
186 653
150 800
428 578
176 427
397 525
558 943
409 185
682 252
220 851
557 684
7 655
393 271
844 88
493 902
994 685
192 671
563 384
599 454
912 760
216 277
472 191
273 946
540 912
317 41
543 783
657 852
749 486
880 411
520 92
353 509
830 889
557 991
652 585
999 610
584 835
89 299
17 70
201 673
221 318
776 181
460 646
869 814
84 234
801 710
1 714
257 608
644 884
529 60
398 743
628 542
350 232
211 86
214 907
395 815
75 519
334 272
597 662
378 604
840 584
651 463
339 363
893 656
846 789
549 484
24 721
836 848
249 602
766 17
242 689
935 540
258 650
25 169
867 878
636 830
376 851
820 748
380 811
306 642
897 109
71 902
404 11
522 338
432 884
505 802
299 596
732 423
167 649
794 526
941 685
979 518
387 143
506 992
91 70
368 961
498 694
573 930
647 479
134 182
972 344
87 242
163 706
696 160
226 594
595 711
427 201
708 878
602 233
858 159
859 202
127 554
20 296
111 945
959 191
319 860
537 10
696 325
856 449
35 902
750 131
75 441
493 874
97 705
189 145
672 181
565 310
344 422
863 49
847 988
5 367
338 700
834 217
691 320
498 435
786 84
771 312
79 759
770 486
373 982
523 895
853 476
766 919
113 488
627 771
83 353
134 943
16 358
469 596
964 148
550 487
718 837
421 721
248 271
876 241
1 583
64 189
101 734
182 707
339 41
197 75
511 303
480 81
712 668
516 905
736 258
120 88
980 405
694 399
605 96
127 748
370 403
907 210
774 984
71 981
447 241
650 688
63 965
806 745
457 722
314 173
543 476
232 366
711 878
898 597
756 257
884 382
333 464
869 238
224 633
858 337
731 197
141 969
590 136
703 875
778 62
360 65
459 279
425 395
243 396
825 106
882 77
460 187
432 598
65 813
377 627
892 150
624 540
532 359
733 258
688 621
797 133
47 858
584 558
548 969
740 337
317 480
688 764
730 331
679 310
203 505
32 239
911 675
823 529
882 529
614 884
904 947
190 592
66 962
362 445
308 571
859 235
826 952
425 865
374 268
47 414
491 853
657 744
749 720
398 556
404 681
188 192
406 11
135 587
836 724
76 215
163 258
454 263
438 920
908 88
603 784
343 533
179 556
348 909
116 401
607 398
586 209
382 116
111 670
112 584
794 386
7 435
984 556
213 282
474 710
737 180
556 392
149 46
816 293
135 15
693 545
342 118
841 886
148 234
314 222
612 427
499 214
164 882
160 712
355 567
300 815
380 962
823 832
699 862
59 767
668 647
229 163
637 38
530 672
125 882
453 811
347 312
483 296
341 842
566 157
768 196
275 52
773 349
846 957
703 28
315 823
834 861
212 985
854 29
270 249
623 213
221 789
332 402
961 326
750 884
887 113
639 752
568 79
420 908
94 319
388 418
721 933
528 845
247 839
364 33
19 390
344 677
23 342
744 671
53 349
122 31
736 799
633 649
905 506
445 273
946 214
503 543
382 980
143 606
628 916
194 965
350 374
106 922
624 83
977 537
46 254
602 950
70 128
698 681
115 537
390 763
407 699
653 191
601 745
179 520
36 135
434 512
619 502
512 940
106 207
415 237
738 408
188 953
279 594
278 456
546 583
237 882
693 660
73 367
23 617
569 527
846 477
974 22
975 763
63 797
244 643
307 201
959 343
342 319
99 598
229 199
532 74
971 538
606 538
316 717
102 558
985 650
397 524
768 160
553 846
167 858
593 445
886 730
155 742
180 83
754 476
501 537
750 228
381 863
38 224
869 762
673 327
469 236
939 388
992 340
126 648
515 693
329 490
846 115
762 912
964 896
818 862
636 953
786 384
956 816
494 883
813 985
390 810
236 478
420 21
39 893
410 15
176 161
529 51
948 515
914 495
540 185
420 100
935 364
322 834
879 910
828 472
854 611
524 961
796 638
782 569
254 488
388 222
663 270
994 837
453 286
815 28
898 189
883 361
764 700
709 237
915 674
577 875
779 499
232 484
236 832
276 95
188 675
372 384
779 64
346 103
746 245
670 858
340 409
864 872
777 615
889 651
910 901
773 482
68 703
713 550
228 37
877 848
513 847
492 498
683 27
96 671
351 441
962 206
66 59
599 135
378 505
87 467
289 280
868 228
268 946
765 620
795 899
812 995
192 764
618 798
450 700
972 281
442 892
244 640
904 9
635 49
946 444
965 608
691 947
244 567
207 429
744 727
438 659
203 314
153 993
740 611
942 291
959 707
84 15
583 215
435 351
454 393
735 808
370 972
176 541
884 741
903 605
61 410
567 912
403 399
386 139
153 172
762 360
578 183
719 122
666 114
159 19
641 304
456 42
824 218
188 609
280 701
583 366
348 383
224 949
595 166
408 60
158 1000
876 709
203 705
440 653
367 50
197 543
664 156
595 900
67 63
841 516
128 425
152 479
449 355
910 528
773 376
996 119
748 656
730 903
169 909
167 174
134 445
322 181
435 722
717 796
133 251
924 154
906 445
47 869
51 286
221 978
350 238
795 879
523 700
269 380
622 858
583 642
682 471
5 322
494 939
472 487
956 777
169 73
889 346
227 351
246 169
378 977
417 967
531 375
435 266
292 385
168 141
918 57
490 425
801 258
939 904
83 932
945 331
286 605
624 278
71 517
993 71
480 126
112 117
553 737
694 505
6 858
73 481
382 117
719 94
187 121
405 34
242 684
120 68
852 381
895 313
399 516
550 972
499 40
671 92
488 823
384 146
426 529
918 979
940 127
723 377
871 913
894 498
777 692
669 456
284 618
86 698
968 223
590 122
960 898
205 40
299 47
542 249
836 478
512 444
342 387
76 347
846 787
146 946
464 509
851 763
764 168
177 984
143 199
327 362
474 170
901 407
995 452
354 452
167 334
726 340
143 116
629 941
622 20
787 65
114 343
556 642
833 259
817 874
32 46
380 502
808 607
242 804
899 936
204 804
230 812
758 398
359 648
236 213
164 394
813 867
460 525
902 700
688 872
565 414
438 680
347 901
443 706
157 269
250 184
396 244
737 698
420 242
303 243
424 245
334 536
713 180
174 961
925 919
729 270
748 94
767 450
969 287
933 444
538 300
957 294
904 654
335 118
83 393
726 621
675 717
808 42
386 192
67 925
69 55
116 502
957 520
390 651
410 778
569 812
676 112
628 329
276 358
798 423
193 788
582 270
16 875
2 818
556 365
334 71
671 76
547 114
333 487
675 599
182 678
25 892
63 796
65 59
72 417
788 479
628 158
566 944
977 482
893 206
931 497
765 484
661 184
829 806
591 443
833 675
190 352
85 534
273 628
347 263
170 244
834 783
86 928
256 501
796 443
775 486
345 155
422 49
282 748
66 71
584 536
278 652
902 638
123 395
839 465
935 890
240 173
882 884
331 198
631 83
299 612
930 734
536 633
961 252
100 536
27 770
221 316
724 341
943 53
32 258
268 12
832 254
837 899
889 24
218 993
361 681
477 116
500 139
249 953
512 875
430 186
79 115
575 892
453 140
131 648
870 215
942 192
908 496
103 252
14 855
349 348
775 864
543 196
987 552
413 959
620 569
72 995
767 826
471 233
953 602
441 885
719 723
785 677
515 460
129 153
205 398
833 877
850 965
427 924
814 728
375 994
983 227
270 634
91 43
882 498
537 181
495 453
392 452
51 841
789 791
403 196
557 347
103 785
986 423
863 639
117 889
133 996
670 149
748 685
660 907
238 251
298 52
468 644
177 881
803 901
950 596
369 201
886 598
833 346
302 519
269 454
731 679
553 587
632 800
415 807
782 188
184 273
882 664
114 750
890 383
191 630
285 749
235 846
84 153
795 802
643 372
93 469
166 387
501 48
799 633
247 556
31 515
930 964
974 753
683 644
297 321
64 116
887 636
840 757
197 440
272 1
326 212
697 505
883 697
205 925
225 39
723 800
670 479
10 669
282 422
653 117
895 38
794 17
793 850
861 99
718 404
130 133
813 384
282 376
11 906
619 433
315 295
520 119
88 796
183 136
242 580
386 426
776 894
651 378
963 444
836 182
175 868
91 361
589 554
456 186
20 795
703 550
461 951
8 846
394 112
375 257
569 582
402 551
20 906
408 40
573 738
964 866
872 753
358 656
768 988
128 59
916 76
534 759
563 262
242 953
573 851
299 194
357 472
397 881
915 780
474 36
989 643
522 86
271 985
841 822
494 146
260 334
1000 115
764 244
431 679
630 76
39 482
61 678
27 506
668 624
856 594
263 730
697 422
570 924
739 73
133 250
501 464
266 112
752 434
375 296
663 721
203 507
571 877
451 965
639 572
257 652
312 593
539 274
460 633
1000 606
452 569
553 466
168 112
297 300
209 968
729 305
919 84
117 36
55 645
410 68
28 571
841 312
515 59
529 433
516 407
885 208
714 488
277 560
520 545
379 720
287 973
25 246
909 546
936 576
974 56
580 151
195 179
398 591
436 687
698 70
293 866
457 716
955 349
686 479
162 139
551 999
671 623
664 249
39 211
797 291
641 223
695 388
147 146
223 391
119 342
46 856
569 429
256 490
111 306
775 509
808 752
306 928
643 867
751 770
238 179
982 921
597 488
621 274
968 668
697 450
913 902
422 101
476 355
942 924
101 805
835 340
62 351
639 579
624 792
182 896
164 395
630 258
342 981
450 532
539 771
1 882
348 559
274 326
996 91
819 30
107 491
442 535
443 818
210 731
463 191
151 711
89 750
879 775
400 15
164 248
827 936
231 257
743 340
568 636
272 73
971 399
268 157
987 735
328 368
880 909
921 253
318 879
687 482
505 696
173 252
823 226
612 887
135 220
319 387
692 262
327 884
809 515
811 555
884 99
448 711
197 246
641 488
438 422
24 406
522 445
906 988
285 305
214 409
489 398
471 42
826 23
664 166
112 931
148 462
617 906
524 498
103 671
87 122
785 986
238 386
275 372
78 363
116 986
855 113
110 184
789 867
485 630
855 230
656 984
109 7
200 548
350 875
977 796
441 717
553 343
760 131
350 901
227 218
651 556
981 813
982 94
765 582
242 535
234 926
398 63
971 203
386 285
285 919
344 461
566 520
117 728
173 662
506 97
291 599
679 504
353 498
812 799
389 634
17 59
936 303
916 781
353 355
681 557
446 839
719 322
160 125
207 158
176 706
69 153
416 983
678 493
58 746
700 45
693 980
657 926
700 156
98 618
905 976
581 143
215 385
434 616
236 924
884 976
559 696
945 124
452 68
880 663
422 948
850 51
465 471
449 970
11 79
423 474
975 729
38 759
945 687
135 445
162 179
271 855
592 676
848 318
321 897
307 611
845 893
742 937
48 645
432 548
742 188
940 388
153 661
351 798
551 98
846 618
687 546
368 422
216 325
288 82
199 132
276 755
282 782
673 353
630 333
198 452
236 143
971 68
700 542
916 963
999 654
800 108
126 538
256 798
921 712
574 178
680 642
264 313
563 191
127 196
238 940
442 604
362 871
923 7
355 457
191 855
529 396
359 433
126 388
239 879
164 300
829 177
122 311
286 724
412 951
357 163
311 163
168 179
25 334
622 479
413 719
692 750
453 222
311 208
169 235
478 376
736 261
771 774
774 603
171 562
568 786
721 608
991 880
334 13
300 101
449 805
779 17
216 967
146 910
112 924
258 512
777 560
815 968
337 121
894 295
945 943
81 124
137 290
816 284
586 719
497 204
977 186
212 849
284 294
216 660
342 468
53 111
784 895
147 230
275 29
612 466
707 510
185 73
564 413
912 918
30 337
270 224
349 894
545 107
226 740
462 988
123 84
570 925
536 869
830 513
83 962
946 636
119 336
806 208
57 951
313 541
21 852
351 189
653 56
467 464
673 269
946 2
677 333
387 243
740 291
103 859
65 509
374 97
47 69
910 253
707 19
113 457
701 200
667 472
726 869
89 352
308 518
710 12
974 675
153 963
445 379
966 199
804 294
424 170
316 392
525 252
913 858
439 498
60 735
474 823
774 692
386 365
920 872
390 685
391 252
489 230
415 10
54 862
77 471
747 355
965 184
513 303
129 38
292 982
521 996
439 769
119 749
279 696
599 551
267 144
125 444
518 917
657 289
521 602
585 382
470 1000
56 524
163 976
349 933
152 31
998 274
926 463
910 976
842 742
203 636
3 840
336 411
712 198
237 853
717 75
422 297
81 489
462 542
952 292
965 24
886 765
906 381
90 504
952 403
425 373
964 602
89 128
602 57
754 178
296 486
77 607
345 95
454 779
227 884
481 687
562 592
326 337
411 93
238 637
578 230
139 894
495 221
969 547
252 937
715 3
420 877
774 523
359 360
516 199
478 312
26 343
325 612
433 383
990 165
738 194
192 226
466 257
269 802
261 978
44 486
761 12
463 476
619 90
547 393
984 749
477 304
230 72
12 155
984 668
346 618
721 543
224 17
954 135
926 766
806 912
491 525
71 58
393 661
84 628
654 824
713 348
641 495
735 211
560 249
724 580
963 260
893 91
31 316
971 817
419 598
567 72
703 718
512 491
622 506
972 369
351 218
73 991
480 567
360 13
877 728
720 285
631 489
946 851
423 258
67 134
983 428
94 621
29 222
506 285
477 821
130 823
229 511
904 306
155 360
502 833
910 816
513 514
274 118
902 660
670 488
660 582
478 121
873 653
163 961
626 367
496 392
813 837
389 633
305 630
503 591
360 743
606 260
627 811
524 527
338 502
502 269
532 753
531 433
491 28
754 666
683 666
23 85
931 599
31 958
785 206
469 557
8 652
662 884
222 815
387 374
843 131
658 999
642 480
951 366
838 332
886 321
121 329
653 160
997 5
250 559
788 953
201 225
516 616
40 289
738 456
480 56
407 585
926 587
340 540
90 683
287 421
603 635
385 132
115 133
953 457
1 84
129 159
93 710
116 793
483 566
967 818
324 302
426 346
224 613
569 266
987 23
695 350
223 585
918 763
354 680
869 91
214 132
695 463
328 404
670 155
359 782
674 198
566 344
588 256
76 236
483 242
696 993
713 773
720 39
169 807
588 332
688 581
797 189
587 329
164 750
757 681
976 320
13 432
808 537
402 310
111 162
867 54
54 548
394 978
108 466
680 723
455 319
607 344
999 898
640 949
499 612
869 846
763 455
710 322
397 211
331 595
648 367
188 56
61 294
210 672
999 864
805 167
164 49
2 180
957 364
170 878
709 283
984 310
805 776
620 213
336 997
675 276
179 581
71 691
221 194
4 657
541 911
586 776
590 517
239 290
802 333
853 894
720 665
189 954
48 102
711 981
858 991
503 19
844 208
441 185
414 469
465 67
391 863
531 512
661 141
714 452
389 330
817 391
250 606
632 386
980 964
910 535
413 453
640 55
337 530
988 607
591 738
66 491
138 812
696 782
240 442
238 149
440 204
521 357
460 183
887 248
51 498
147 967
683 137
581 116
535 503
796 424
815 508
982 391
251 139
52 968
915 458
203 108
117 750
872 953
852 631
959 957
889 893
649 235
134 877
265 530
213 85
204 993
80 543
669 617
670 706
196 913
167 535
715 503
311 480
442 625
157 546
585 967
966 196
469 628
666 256
227 574
367 362
278 53
637 701
249 843
50 172
141 323
804 5
534 250
617 592
634 350
83 204
447 599
756 173
793 989
166 873
561 393
379 722
258 917
377 655
898 352
480 351
637 367
822 451
239 183
385 204
833 954
667 722
67 510
450 490
659 738
452 300
73 593
142 639
294 394
82 688
981 580
261 586
935 407
521 423
243 511
775 366
172 961
671 425
488 502
418 449
664 409
973 177
794 868
928 286
591 108
566 256
983 829
61 712
209 477
187 798
407 301
375 409
655 123
469 212
679 446
692 252
216 173
291 701
181 625
256 808
682 122
629 482
691 444
947 38
996 440
635 363
262 44
303 947
106 318
669 612
888 573
207 279
279 170
552 244
807 421
791 79
62 665
804 426
753 518
383 327
495 633
596 84
876 324
864 260
280 757
723 75
743 52
486 39
125 381
417 556
220 87
120 99
618 174
176 917
72 198
20 878
77 331
979 787
513 187
883 175
508 68
244 371
615 348
784 498
414 77
826 21
705 363
917 186
618 467
786 647
254 543
452 64
