935
266 908
248 78
401 721
5 2
640 19
496 674
62 93
417 358
790 748
21 4
510 432
283 214
638 670
491 76
515 589
127 54
331 458
188 782
58 31
388 774
4 13
69 282
259 408
43 54
8 124
508 539
361 233
467 235
216 234
32 145
383 170
109 684
67 32
461 263
110 387
48 90
158 368
284 71
326 600
15 355
838 191
348 235
320 24
182 544
659 60
370 172
32 401
267 307
82 95
34 553
707 898
63 91
870 727
291 48
224 610
105 125
51 5
459 654
268 436
273 635
734 752
235 34
69 695
238 201
333 817
274 218
306 182
836 216
250 24
44 86
376 663
34 623
15 69
921 493
16 3
333 446
857 119
308 242
140 183
780 887
602 460
195 576
269 83
24 39
143 12
95 107
189 801
587 929
33 46
42 11
119 733
2 4
837 591
619 540
565 417
425 28
182 772
918 909
41 123
52 76
707 701
786 79
378 236
283 327
763 246
224 265
151 221
452 803
133 351
58 118
687 796
567 262
488 380
482 101
411 43
50 512
79 255
542 84
107 245
249 216
590 132
308 534
357 261
108 344
50 188
20 59
94 158
655 540
891 76
150 119
31 439
232 199
369 724
481 425
874 875
281 234
310 259
507 675
653 562
909 448
9 3
463 443
324 180
520 65
867 735
865 366
469 759
612 382
33 32
414 822
3 14
331 422
608 586
37 99
165 424
304 185
415 778
85 706
504 40
440 717
395 289
880 472
148 298
301 238
21 45
60 136
16 28
2 1
373 10
114 117
525 32
208 170
20 18
272 175
58 180
716 179
730 162
935 821
582 851
392 9
482 547
52 25
276 79
132 302
673 522
144 62
487 46
620 30
242 96
495 374
521 304
440 633
807 18
293 58
575 290
407 361
189 319
541 488
747 129
291 309
119 162
818 702
114 805
235 431
728 38
584 637
464 800
195 462
56 196
398 701
201 111
168 874
475 757
325 339
260 342
115 886
332 258
795 338
3 1
453 343
845 487
51 74
261 404
512 912
109 202
419 289
464 517
673 873
199 241
39 81
210 473
849 216
854 74
195 184
498 641
252 58
94 397
159 863
214 97
777 231
651 641
209 240
269 697
154 924
266 104
9 10
25 478
474 118
60 20
106 405
244 3
479 128
113 170
9 799
789 298
893 655
449 557
387 551
286 60
303 62
469 184
148 40
445 397
539 806
682 100
132 39
65 48
467 764
859 828
30 82
47 4
86 116
890 253
83 76
13 30
819 201
499 372
351 666
548 833
333 191
661 389
351 531
136 289
842 304
173 213
231 322
216 41
537 489
155 120
884 192
183 523
216 606
94 596
61 420
382 378
673 811
680 241
160 154
506 224
220 236
171 468
88 112
118 524
210 37
42 554
435 17
385 338
157 222
473 710
281 892
359 338
101 454
430 396
367 315
66 111
113 69
907 179
780 339
334 63
459 584
326 79
846 36
101 22
931 56
574 289
878 180
7 6
514 769
627 27
429 239
318 614
212 38
506 735
821 441
243 237
416 518
779 71
273 25
46 146
235 280
279 114
71 29
409 177
580 202
323 428
358 133
270 79
257 750
638 381
505 562
7 299
864 587
1 191
21 743
639 495
92 205
88 6
606 830
66 119
17 114
346 447
494 67
152 132
516 622
387 522
63 164
597 371
67 209
802 421
393 185
102 563
161 178
500 67
915 280
445 729
414 398
3 92
198 17
150 840
691 815
100 761
850 239
423 382
175 785
485 223
41 741
403 401
678 132
102 88
389 77
82 168
432 183
497 88
1 738
149 4
514 771
77 31
703 364
674 813
832 227
319 598
84 103
782 824
902 851
77 657
204 372
87 10
43 218
23 68
841 32
481 688
316 1
17 292
37 19
181 505
277 262
340 336
816 926
634 120
694 393
844 705
317 162
479 692
877 161
465 117
913 731
746 651
383 708
385 490
321 78
24 2
797 6
693 610
645 828
256 379
443 591
829 885
776 203
378 648
324 758
297 246
360 179
200 526
12 104
263 168
33 89
583 561
113 207
556 132
559 601
16 223
46 115
582 274
27 26
626 492
3 12
247 503
3 8
23 163
508 84
731 876
679 292
552 114
638 664
719 478
419 456
656 89
199 501
363 377
3 34
888 260
29 80
3 55
24 128
375 550
611 52
873 917
94 61
532 173
47 64
566 86
473 646
897 692
313 303
42 48
200 700
1 6
519 414
15 11
33 294
778 787
360 416
78 449
11 19
80 546
17 8
332 896
139 548
788 26
489 388
262 775
89 607
253 49
442 271
22 159
406 901
232 390
531 683
79 699
295 578
568 345
587 310
269 853
418 81
696 70
242 287
571 275
718 287
812 826
882 636
609 84
183 731
304 415
914 293
681 190
925 378
21 233
237 108
147 484
354 265
218 391
711 632
552 871
574 734
386 177
12 138
137 9
82 793
56 356
217 257
316 475
922 869
337 223
702 641
184 791
215 41
340 347
57 328
496 829
9 254
515 365
170 295
362 252
444 466
204 152
203 34
74 165
73 120
384 111
12 176
612 625
181 632
338 201
276 318
161 246
545 397
141 81
306 336
38 770
322 715
47 133
624 303
592 123
115 658
41 190
573 498
110 121
831 320
29 41
36 50
529 291
120 311
388 301
720 187
275 441
713 856
146 264
681 773
98 40
161 8
543 468
328 613
377 394
101 156
115 486
438 102
200 502
18 671
391 820
881 113
527 230
20 43
472 275
559 176
365 89
102 413
19 182
798 683
860 198
166 114
560 256
136 410
186 66
50 509
538 80
211 189
135 21
139 138
823 550
835 193
279 399
217 45
5 586
271 751
89 199
179 660
603 534
535 246
4 53
474 923
744 889
748 648
374 354
595 563
540 107
97 58
375 37
33 108
662 549
588 156
324 363
744 148
100 668
725 297
278 250
567 621
326 866
470 390
38 6
219 118
347 742
103 594
318 714
31 25
94 477
346 97
872 9
105 12
56 35
39 44
869 578
767 628
31 220
285 492
137 259
323 35
513 366
290 189
231 171
585 13
90 189
676 333
122 130
784 380
49 62
194 149
315 11
843 724
246 899
131 123
636 278
6 96
106 96
285 183
350 118
67 70
579 273
107 507
808 103
108 839
672 479
21 26
166 483
572 95
149 173
433 178
440 76
183 558
49 29
845 932
164 329
281 709
31 57
299 448
848 219
71 167
140 267
530 276
928 132
911 479
121 412
149 154
153 63
736 644
25 16
229 78
68 376
229 723
314 181
67 142
237 933
78 72
73 18
727 654
287 460
49 268
181 24
690 578
140 616
756 472
187 17
483 577
18 930
75 40
248 364
339 740
81 476
630 287
687 680
564 405
230 144
126 124
138 192
726 879
120 464
219 371
344 369
260 528
781 102
496 383
232 883
94 427
685 810
905 470
396 97
24 288
504 814
325 43
32 2
72 63
753 354
894 159
615 224
135 184
398 80
10 134
749 419
68 169
31 100
173 349
122 618
438 570
451 161
457 237
386 895
45 200
158 174
61 17
13 147
649 607
225 593
604 248
525 629
415 511
267 380
26 381
73 516
66 335
454 650
108 685
11 7
31 110
366 49
382 825
345 132
185 275
910 116
400 783
276 331
514 417
492 665
63 206
870 904
260 116
686 502
371 426
304 689
85 51
94 109
57 63
56 129
256 536
101 858
533 691
804 674
120 919
452 114
698 168
669 618
455 834
644 25
172 134
677 259
407 561
207 812
84 171
239 85
5 22
52 444
453 645
551 934
98 185
20 312
41 809
352 249
177 101
228 189
498 246
272 631
124 151
2 193
705 412
6 421
617 92
83 868
35 27
227 157
62 122
225 65
533 319
40 20
816 691
18 16
458 480
270 712
12 29
407 443
26 343
722 355
916 141
258 218
400 5
23 15
434 137
261 59
310 341
755 46
157 17
760 12
726 212
444 792
581 221
97 226
437 324
17 353
628 54
207 555
927 547
84 15
704 570
569 337
855 271
71 300
732 598
