1070.07617764
1198.13475764
1345.20316764
1402.22462764
1501.29303764
1629.38799764
1757.44657764
1888.48706764
2001.57112764
2116.59806764
2213.65082764
2369.75193764
2440.78904764
2553.87310764
2666.95716764
2804.01607764
2903.08448764
3032.12707764
3133.17475764
3262.21734764
3448.29665764
3535.32868764
3698.39201764
3829.43250764
3943.47543764
4074.51592764
4175.56360764
4306.60409764
4443.66300764
4574.70349764
4721.77190764
4792.80901764
4939.87742764
5125.95673764
5239.04079764
5367.13575764
5530.19908764
5629.26749764
5726.32025764
5882.42136764
5996.46429764
6095.53270764
6182.56473764
6285.57392764
6448.63725764
6604.73836764
6661.75982764
6748.79185764
6876.88681764
6989.97087764
7104.01380764
7205.06148764
7318.14554764
7405.17757764
7536.21806764
7649.30212764
7762.38618764
7865.39537764
7978.47943764
8106.57439764
8163.59585764
8300.65476764
8414.69769764
8501.72972764
8588.76175764
8703.78869764
8804.83637764
8901.88913764
8998.94189764
9136.00080764
9207.03791764
9321.08084764
9408.11287764
9495.14490764
9608.22896764
9721.31302764
9820.38143764
9933.46549764
10036.4746876
10149.5587476
10286.6176576
10414.6762376
10513.7446476
10612.8130576
10743.8535476
10840.9063076
10954.9492376
11025.9863476
11163.0452576
11277.0881876
11424.1565976
11553.1991876
11681.2577676
11738.2792276
11885.3476376
11998.4316976
12111.5157576
12239.5743376
12402.6376676
